"biomass","leafarea","leafmass","LMF","gCday"
47.7151303459734,0.11542707407887,11.2560313676322,0.235900673141136,6.89866435722435
47.4773541069165,0.114969390272248,11.2113996958609,0.236142049336057,6.87740299916385
47.2405596937949,0.114513612138196,11.1669538583959,0.236384876275349,6.85614164110335
47.0047430147622,0.11405973166724,11.1226930741821,0.236629164650234,6.83488028304285
46.7698999950167,0.113607740883554,11.0786165654458,0.236874925253768,6.81361892498235
46.5360265767302,0.113157631844822,11.0347235576809,0.237122168982058,6.79235756692185
46.303118718978,0.112709396642098,10.9910132796356,0.237370906835501,6.77109620886135
46.0711723976684,0.112263027399663,10.9474849632983,0.237621149920038,6.74983485080085
45.8401836054735,0.111818516274889,10.9041378438842,0.23787290944843,6.72857349274035
45.6101483517587,0.1113758554581,10.860971159822,0.238126196741546,6.70731213467985
45.3810626625145,0.110935037172436,10.8179841527401,0.238381023229673,6.68605077661935
45.1529225802868,0.11049605367371,10.7751760674537,0.238637400453853,6.66478941855885
44.9257241641085,0.110058897250278,10.7325461519509,0.238895340067222,6.64352806049835
44.6994634894311,0.109623560222897,10.6900936573798,0.239154853836388,6.62226670243785
44.4741366480565,0.109190034944595,10.6478178380353,0.239415953642814,6.60100534437735
44.2497397480693,0.108758313800531,10.6057179513455,0.239678651484232,6.57974398631685
44.026268913769,0.108328389207863,10.5637932578591,0.239942959476072,6.55848262825635
43.803720285603,0.107900253615615,10.5220430212322,0.240208889852913,6.53722127019585
43.5820900200996,0.107473899504541,10.4804665082151,0.240476454969957,6.51595991213535
43.361374289801,0.107049319386994,10.4390629886394,0.240745667304526,6.49469855407485
43.1415692831969,0.106626505806793,10.3978317354055,0.241016539457578,6.47343719601435
42.9226712046588,0.106205451339092,10.356772024469,0.241289084155249,6.45217583795385
42.7046762743734,0.105786148590249,10.3158831348287,0.241563314250414,6.43091447989335
42.4875807282775,0.105368590197693,10.2751643485133,0.241839242724279,6.40965312183285
42.2713808179924,0.104952768829798,10.2346149505691,0.242116882687986,6.38839176377235
42.0560728107589,0.104538677185749,10.194234229047,0.242396247384256,6.36713040571185
41.8416529893725,0.104126307995418,10.1540214749903,0.242677350189042,6.34586904765136
41.6281176521186,0.10371565401923,10.113975982422,0.242960204613221,6.32460768959086
41.4154631127085,0.103306708048039,10.074097048332,0.243244824304301,6.30334633153036
41.2036857002155,0.102899462903002,10.0343839726655,0.243531223048161,6.28208497346986
40.9927817590107,0.102493911435445,9.99483605830971,0.243819414770815,6.26082361540936
40.7827476486998,0.102090046526745,9.95545261108217,0.244109413540202,6.23956225734886
40.5735797440597,0.101687861088198,9.91623293971817,0.244401233568009,6.21830089928836
40.365274434976,0.1012873480609,9.8771763558587,0.244694889211511,6.19703954122786
40.1578281263794,0.100888500415614,9.83828217403811,0.244990394975455,6.17577818316736
39.9512372381843,0.100491311152654,9.79954971167222,0.245287765513957,6.15451682510686
39.7454982052257,0.100095773301756,9.76097828904602,0.245587015632444,6.13325546704636
39.5406074771978,0.0997018799219551,9.72256722930185,0.245888160289612,6.11199410898586
39.3365615185922,0.0993096241014667,9.68431585842732,0.246191214599428,6.09073275092536
39.1333568086363,0.0989189989575602,9.6462235052434,0.246496193833149,6.06947139286486
38.9309898412324,0.0985299976364393,9.60828950139267,0.24680311342139,6.04821003480436
38.7294571248966,0.0981426133131202,9.57051318132734,0.247111988956207,6.02694867674386
38.5287551826981,0.0977568391913116,9.53289388229762,0.247422836193226,6.00568731868336
38.3288805521989,0.0973726685032935,9.49543094433991,0.247735671053799,5.98442596062286
38.1298297853935,0.0969900945097981,9.45812371026515,0.248050509627197,5.96316460256236
37.9315994486493,0.0966091104998915,9.42097152564732,0.248367368172839,5.94190324450186
37.7341861226463,0.0962297097908535,9.38397373881166,0.248686263122549,5.92064188644136
37.5375864023183,0.0958518857280601,9.34712970082329,0.249007211082863,5.89938052838086
37.3417968967936,0.0954756316848667,9.31043876547574,0.249330228837359,5.87811917032036
37.1468142293356,0.0951009410624892,9.27390028927945,0.249655333349035,5.85685781225986
36.9526350372846,0.0947278072898886,9.23751363145041,0.249982541762716,5.83559645419936
36.7592559719993,0.0943562238236543,9.20127815389885,0.250311871407511,5.81433509613886
36.5666736987981,0.0939861841478885,9.16519322121796,0.2506433397993,5.79307373807836
36.3748848969019,0.0936176817740911,9.12925820067264,0.250976964643267,5.77181238001786
36.1838862593758,0.0932507102410447,9.0934724621883,0.251312763836473,5.75055102195737
35.9936744930717,0.0928852631146999,9.0578353783397,0.25165075547047,5.72928966389687
35.8042463185713,0.0925213339880626,9.0223463243399,0.251990957833962,5.70802830583637
35.6155984701287,0.09215891648108,8.98700467802919,0.252333389415503,5.68676694777587
35.4277276956138,0.0917980042405271,8.95180981986402,0.252678068906246,5.66550558971537
35.240630756456,0.0914385909398957,8.91676113290617,0.253025015202733,5.64424423165487
35.0543044275875,0.0910806702792815,8.88185800281171,0.253374247409735,5.62298287359437
34.8687454973872,0.0907242359852726,8.84709981782019,0.253725784843138,5.60172151553387
34.6839507676252,0.0903692818108394,8.81248596874382,0.254079647032875,5.58046015747337
34.4999170534069,0.0900158015352229,8.77801584895668,0.25443585372591,5.55919879941287
34.3166411831179,0.0896637889638255,8.74368885438396,0.25479442488927,5.53793744135237
34.1341199983682,0.0893132379281007,8.7095043834913,0.25515538071313,5.51667608329187
33.9523503539381,0.0889641422854449,8.67546183727418,0.255518741613949,5.49541472523137
33.7713291177228,0.0886164959190877,8.64156061924723,0.255884528237659,5.47415336717087
33.5910531706785,0.0882702927379843,8.60780013543378,0.256252761462909,5.45289200911037
33.4115194067675,0.0879255266767071,8.57417979435523,0.256623462404363,5.43163065104987
33.2327247329047,0.0875821916953392,8.54069900702068,0.256996652416053,5.41036929298937
33.0546660689035,0.0872402817793665,8.50735718691648,0.257372353094798,5.38910793492887
32.8773403474225,0.0868997909395723,8.47415374999581,0.257750586283667,5.36784657686837
32.7007445139117,0.0865607132119302,8.44108811466837,0.258131374075515,5.34658521880787
32.5248755265597,0.0862230426574994,8.40815970179011,0.258514738816573,5.32532386074737
32.3497303562407,0.0858867733623196,8.37536793465297,0.258900703110103,5.30406250268687
32.1753059864618,0.0855518994373051,8.34271223897459,0.259289289820116,5.28280114462637
32.0015994133102,0.0852184150181418,8.31019204288825,0.259680522075152,5.26153978656587
31.8286076454015,0.0848863142651833,8.27780677693269,0.26007442327213,5.24027842850537
31.6563277038272,0.0845555913633468,8.24555587404207,0.260471017080266,5.21901707044487
31.484756622103,0.0842262405220103,8.21343876953585,0.260870327445054,5.19775571238437
31.3138914461172,0.0838982559749111,8.18145490110888,0.261272378592325,5.17649435432387
31.1437292340792,0.0835716319800421,8.14960370882141,0.261677195032369,5.15523299626337
30.9742670564683,0.0832463628195513,8.11788463508914,0.262084801564138,5.13397163820288
30.805501995983,0.0829224427996399,8.08629712467338,0.262495223279524,5.11271028014238
30.6374311474896,0.082599866250462,8.05484062467125,0.262908485567702,5.09144892208188
30.4700516179723,0.082278627526024,8.02351458450581,0.263324614119566,5.07018756402138
30.3033605264825,0.081958721004084,7.99231845591638,0.263743634932231,5.04892620596088
30.1373550040884,0.0816401410860533,7.96125169294879,0.26416557431363,5.02766484790038
29.9720321938258,0.0813228821968965,7.93031375194571,0.26459045888718,5.00640348983988
29.8073892506476,0.0810069387850328,7.89950409153706,0.265018315596541,4.98514213177938
29.6434233413745,0.0806923053222379,7.86882217263035,0.265449171710459,4.96388077371888
29.4801316446461,0.0803789763035463,7.83826745840125,0.2658830548277,4.94261941565838
29.317511350871,0.0800669462471528,7.80783941428389,0.266319992882068,4.92135805759788
29.1555596621785,0.0797562096943168,7.77753750796162,0.266760014147521,4.90009669953738
28.9942737923696,0.0794467612092642,7.74736120935738,0.267203147243379,4.87883534147688
28.8336509668687,0.0791385953790923,7.71730999062444,0.267649421139626,4.85757398341638
28.6736884226749,0.0788317068136729,7.68738332613697,0.268098865162316,4.83631262535588
28.5143834083143,0.0785260901455576,7.65758069248079,0.268551508999068,4.81505126729538
28.3557331837917,0.0782217400298819,7.62790156844402,0.269007382704679,4.79378990923488
28.1977350205433,0.0779186511442716,7.59834543500795,0.269466516706828,4.77252855117438
