"biomass","leafarea","leafmass","LMF","lf_alloc","lf_alloc_mean","Cday"
34.9117710963555,0.0630329126989641,6.14674198574906,0.176065028863309,0.0922568525118844,0.184513705023769,6.89866435722435
34.7873117078256,0.0629137737472986,6.13512398548564,0.176360968533982,0.0922568525118844,0.184513705023769,6.87740299916385
34.663106510757,0.0627948801084162,6.12352990723883,0.176658428041887,0.0922568525118844,0.184513705023769,6.85614164110335
34.5391549761935,0.0626762312675496,6.11195970081035,0.176957418472545,0.0922568525118844,0.184513705023769,6.83488028304285
34.415456576283,0.0625578267110151,6.10041331610764,0.177257951019359,0.0922568525118844,0.184513705023769,6.81361892498235
34.2920107842753,0.0624396659262105,6.08889070314357,0.177560036984931,0.0922568525118844,0.184513705023769,6.79235756692185
34.1688170745199,0.0623217484016126,6.07739181203628,0.177863687782398,0.0922568525118844,0.184513705023769,6.77109620886135
34.0458749224634,0.0622040736267756,6.0659165930089,0.178168914936788,0.0922568525118844,0.184513705023769,6.74983485080085
33.9231838046476,0.0620866410923278,6.05446499638936,0.178475730086392,0.0922568525118844,0.184513705023769,6.72857349274035
33.800743198707,0.0619694502899705,6.0430369726102,0.178784144984166,0.0922568525118844,0.184513705023769,6.70731213467985
33.6785525833666,0.0618525007124748,6.0316324722083,0.179094171499141,0.0922568525118844,0.184513705023769,6.68605077661935
33.5566114384395,0.0617357918536797,6.02025144582466,0.179405821617864,0.0922568525118844,0.184513705023769,6.66478941855885
33.4349192448248,0.0616193232084902,6.00889384420424,0.179719107445857,0.0922568525118844,0.184513705023769,6.64352806049835
33.3134754845053,0.0615030942728746,5.99755961819568,0.180034041209097,0.0922568525118844,0.184513705023769,6.62226670243785
33.1922796405451,0.061387104543862,5.9862487187511,0.180350635255518,0.0922568525118844,0.184513705023769,6.60100534437735
33.0713311970875,0.0612713535195412,5.97496109692591,0.180668902056537,0.0922568525118844,0.184513705023769,6.57974398631685
32.9506296393528,0.0611558406990572,5.96369670387855,0.180988854208604,0.0922568525118844,0.184513705023769,6.55848262825635
32.8301744536359,0.0610405655826096,5.95245549087028,0.181310504434772,0.0922568525118844,0.184513705023769,6.53722127019585
32.709965127304,0.0609255276714507,5.94123740926503,0.181633865586292,0.0922568525118844,0.184513705023769,6.51595991213535
32.5900011487949,0.0608107264678825,5.9300424105291,0.181958950644234,0.0922568525118844,0.184513705023769,6.49469855407485
32.4702820076138,0.060696161475255,5.91887044623096,0.182285772721132,0.0922568525118844,0.184513705023769,6.47343719601435
32.3508071943321,0.060581832197964,5.90772146804108,0.182614345062652,0.0922568525118844,0.184513705023769,6.45217583795385
32.2315762005846,0.0604677381414487,5.89659542773169,0.182944681049285,0.0922568525118844,0.184513705023769,6.43091447989335
32.1125885190675,0.0603538788121898,5.88549227717657,0.183276794198074,0.0922568525118844,0.184513705023769,6.40965312183285
31.9938436435357,0.0602402537177068,5.87441196835078,0.183610698164355,0.0922568525118844,0.184513705023769,6.38839176377235
31.8753410688014,0.0601268623665565,5.86335445333057,0.183946406743532,0.0922568525118844,0.184513705023769,6.36713040571185
31.7570802907314,0.0600137042683301,5.85231968429304,0.184283933872885,0.0922568525118844,0.184513705023769,6.34586904765136
31.639060806245,0.0599007789336518,5.84130761351603,0.184623293633389,0.0922568525118844,0.184513705023769,6.32460768959086
31.5212821133118,0.0597880858741757,5.83031819337782,0.184964500251581,0.0922568525118844,0.184513705023769,6.30334633153036
31.4037437109493,0.0596756246025848,5.81935137635701,0.185307568101443,0.0922568525118844,0.184513705023769,6.28208497346986
31.2864450992214,0.0595633946325876,5.8084071150322,0.185652511706316,0.0922568525118844,0.184513705023769,6.26082361540936
31.1693857792353,0.0594513954789169,5.7974853620819,0.185999345740849,0.0922568525118844,0.184513705023769,6.23956225734886
31.05256525314,0.0593396266573271,5.78658607028422,0.186348085032978,0.0922568525118844,0.184513705023769,6.21830089928836
30.9359830241239,0.0592280876845925,5.77570919251673,0.186698744565926,0.0922568525118844,0.184513705023769,6.19703954122786
30.8196385964127,0.0591167780785045,5.76485468175621,0.18705133948025,0.0922568525118844,0.184513705023769,6.17577818316736
30.7035314752669,0.0590056973578703,5.75402249107845,0.18740588507591,0.0922568525118844,0.184513705023769,6.15451682510686
30.5876611669804,0.0588948450425099,5.74321257365805,0.187762396814369,0.0922568525118844,0.184513705023769,6.13325546704636
30.4720271788775,0.0587842206532549,5.73242488276822,0.18812089032074,0.0922568525118844,0.184513705023769,6.11199410898586
30.3566290193113,0.0586738237119452,5.72165937178054,0.188481381385948,0.0922568525118844,0.184513705023769,6.09073275092536
30.2414661976613,0.0585636537414282,5.71091599416479,0.188843885968943,0.0922568525118844,0.184513705023769,6.06947139286486
30.1265382243314,0.0584537102655559,5.70019470348874,0.18920842019894,0.0922568525118844,0.184513705023769,6.04821003480436
30.0118446107478,0.0583439928091826,5.68949545341791,0.189575000377697,0.0922568525118844,0.184513705023769,6.02694867674386
29.8973848693567,0.0582345008981635,5.67881819771539,0.189943642981828,0.0922568525118844,0.184513705023769,6.00568731868336
29.7831585136221,0.0581252340593519,5.66816289024165,0.190314364665157,0.0922568525118844,0.184513705023769,5.98442596062286
29.6691650580243,0.0580161918205977,5.65752948495429,0.190687182261105,0.0922568525118844,0.184513705023769,5.96316460256236
29.5554040180568,0.0579073737107448,5.64691793590789,0.191062112785125,0.0922568525118844,0.184513705023769,5.94190324450186
29.441874910225,0.0577987792596295,5.63632819725378,0.191439173437161,0.0922568525118844,0.184513705023769,5.92064188644136
29.328577252044,0.0576904079980781,5.62576022323982,0.191818381604166,0.0922568525118844,0.184513705023769,5.89938052838086
29.2155105620358,0.0575822594579045,5.61521396821021,0.192199754862642,0.0922568525118844,0.184513705023769,5.87811917032036
29.1026743597281,0.0574743331719091,5.60468938660532,0.192583310981242,0.0922568525118844,0.184513705023769,5.85685781225986
28.9900681656516,0.0573666286738756,5.59418643296143,0.192969067923393,0.0922568525118844,0.184513705023769,5.83559645419936
28.8776915013384,0.0572591454985697,5.58370506191057,0.193357043849983,0.0922568525118844,0.184513705023769,5.81433509613886
28.7655438893193,0.0571518831817368,5.5732452281803,0.193747257122076,0.0922568525118844,0.184513705023769,5.79307373807836
28.6536248531223,0.0570448412601,5.56280688659355,0.194139726303682,0.0922568525118844,0.184513705023769,5.77181238001786
28.5419339172701,0.0569380192713579,5.55238999206832,0.194534470164571,0.0922568525118844,0.184513705023769,5.75055102195737
28.4304706072783,0.0568314167541826,5.54199449961762,0.194931507683128,0.0922568525118844,0.184513705023769,5.72928966389687
28.3192344496534,0.0567250332482176,5.53162036434913,0.195330858049266,0.0922568525118844,0.184513705023769,5.70802830583637
28.2082249718902,0.0566188682940762,5.52126754146511,0.19573254066738,0.0922568525118844,0.184513705023769,5.68676694777587
28.0974417024704,0.0565129214333387,5.51093598626214,0.196136575159354,0.0922568525118844,0.184513705023769,5.66550558971537
27.9868841708603,0.0564071922085512,5.50062565413096,0.196542981367614,0.0922568525118844,0.184513705023769,5.64424423165487
27.8765519075084,0.0563016801632227,5.49033650055622,0.196951779358244,0.0922568525118844,0.184513705023769,5.62298287359437
27.7664444438439,0.0561963848418238,5.48006848111634,0.19736298942414,0.0922568525118844,0.184513705023769,5.60172151553387
27.6565613122744,0.0560913057897843,5.46982155148326,0.19777663208823,0.0922568525118844,0.184513705023769,5.58046015747337
27.5469020461839,0.0559864425534915,5.45959566742233,0.19819272810674,0.0922568525118844,0.184513705023769,5.55919879941287
27.4374661799306,0.0558817946802876,5.44939078479198,0.198611298472524,0.0922568525118844,0.184513705023769,5.53793744135237
27.3282532488451,0.0557773617184683,5.43920685954365,0.199032364418444,0.0922568525118844,0.184513705023769,5.51667608329187
27.2192627892283,0.0556731432172807,5.42904384772154,0.19945594742081,0.0922568525118844,0.184513705023769,5.49541472523137
27.1104943383495,0.0555691387269209,5.4189017054624,0.199882069202885,0.0922568525118844,0.184513705023769,5.47415336717087
27.0019474344439,0.0554653477985325,5.40878038899537,0.200310751738442,0.0922568525118844,0.184513705023769,5.45289200911037
26.8936216167113,0.0553617699842041,5.39867985464175,0.200742017255388,0.0922568525118844,0.184513705023769,5.43163065104987
26.7855164253136,0.0552584048369679,5.38860005881486,0.201175888239451,0.0922568525118844,0.184513705023769,5.41036929298937
26.6776314013727,0.0551552519107971,5.37854095801977,0.201612387437927,0.0922568525118844,0.184513705023769,5.38910793492887
26.5699660869691,0.0550523107606044,5.36850250885318,0.202051537863501,0.0922568525118844,0.184513705023769,5.36784657686837
26.4625200251392,0.0549495809422401,5.35848466800321,0.202493362798127,0.0922568525118844,0.184513705023769,5.34658521880787
26.355292759874,0.0548470620124895,5.34848739224917,0.202937885796976,0.0922568525118844,0.184513705023769,5.32532386074737
26.2482838361163,0.0547447535290714,5.33851063846139,0.203385130692463,0.0922568525118844,0.184513705023769,5.30406250268687
26.1414927997595,0.0546426550506363,5.32855436360105,0.203835121598338,0.0922568525118844,0.184513705023769,5.28280114462637
26.0349191976451,0.0545407661367639,5.31861852471997,0.204287882913846,0.0922568525118844,0.184513705023769,5.26153978656587
25.928562577561,0.0544390863479617,5.30870307896043,0.204743439327973,0.0922568525118844,0.184513705023769,5.24027842850537
25.8224224882394,0.0543376152456625,5.29880798355493,0.205201815823756,0.0922568525118844,0.184513705023769,5.21901707044487
25.7164984793549,0.0542363523922232,5.2889331958261,0.205663037682678,0.0922568525118844,0.184513705023769,5.19775571238437
25.6107901015224,0.0541352973509219,5.2790786731864,0.206127130489137,0.0922568525118844,0.184513705023769,5.17649435432387
25.5052969062952,0.0540344496859568,5.26924437313801,0.206594120135,0.0922568525118844,0.184513705023769,5.15523299626337
25.4000184461634,0.053933808962444,5.25943025327262,0.207064032824238,0.0922568525118844,0.184513705023769,5.13397163820288
25.2949542745513,0.0538333747464153,5.24963627127122,0.207536895077639,0.0922568525118844,0.184513705023769,5.11271028014238
25.1901039458159,0.0537331466048166,5.23986238490394,0.208012733737618,0.0922568525118844,0.184513705023769,5.09144892208188
25.0854670152449,0.0536331241055057,5.23010855202983,0.208491575973108,0.0922568525118844,0.184513705023769,5.07018756402138
24.9810430390546,0.0535333068172509,5.22037473059674,0.208973449284538,0.0922568525118844,0.184513705023769,5.04892620596088
24.8768315743882,0.0534336943097284,5.21066087864104,0.209458381508908,0.0922568525118844,0.184513705023769,5.02766484790038
24.7728321793136,0.0533342861535209,5.20096695428751,0.209946400824955,0.0922568525118844,0.184513705023769,5.00640348983988
24.6690444128216,0.0532350819201154,5.19129291574911,0.210437535758416,0.0922568525118844,0.184513705023769,4.98514213177938
24.5654678348241,0.0531360811819016,5.18163872132681,0.210931815187387,0.0922568525118844,0.184513705023769,4.96388077371888
24.462102006152,0.0530372835121696,5.17200432940943,0.211429268347778,0.0922568525118844,0.184513705023769,4.94261941565838
24.3589464885535,0.0529386884851084,5.16238969847341,0.211929924838879,0.0922568525118844,0.184513705023769,4.92135805759788
24.2560008446917,0.0528402956758039,5.15279478708266,0.212433814629023,0.0922568525118844,0.184513705023769,4.90009669953738
24.1532646381433,0.0527421046602366,5.14321955388832,0.212940968061355,0.0922568525118844,0.184513705023769,4.87883534147688
24.0507374333964,0.0526441150152806,5.13366395762869,0.213451415859714,0.0922568525118844,0.184513705023769,4.85757398341638
23.9484187958486,0.0525463263187008,5.12412795712893,0.213965189134624,0.0922568525118844,0.184513705023769,4.83631262535588
23.8463082918051,0.0524487381491515,5.11461151130092,0.214482319389395,0.0922568525118844,0.184513705023769,4.81505126729538
23.7444054884769,0.0523513500861745,5.10511457914311,0.215002838526347,0.0922568525118844,0.184513705023769,4.79378990923488
23.6427099539787,0.0522541617101972,5.09563711974029,0.215526778853148,0.0922568525118844,0.184513705023769,4.77252855117438
