"OPEN 6.1.4"
"Wed Mar 13 2013 10:26:59"
<open><version>"6.1.4"</version></open>
<open><configfile>"/User/Configs/UserPrefs/LED 2x3.xml"</configfile></open>
<open><light><source>"6400-02 or -02B LED Source"</source><par_in>1 <sensor>"SI-3299"<cal>-0.91<actinity>1.00</actinity><transm>1.00</transm></cal></sensor><transm>1 </transm></par_in><par_out>1 <sensor>"Q46018"<cal>6.4 </cal></sensor></par_out></light></open>
<open><comps><file>"/User/Configs/Comps/StdComps_6.1"<header>""</header><extras></extras></file><energybal>no<f_parIn>1 </f_parIn><f_parOut>0 </f_parOut><alphaK>0.16</alphaK></energybal><bc_total>2.840<stomatal_ratio>1</stomatal_ratio><bc_oneside>1.420<type>2 </type><table>"/Sys/Lib/StdBLCTable"</table><area>6</area><slope>-0.219565 </slope><offset>2.73739 </offset><fan>5 </fan></bc_oneside></bc_total></comps></open>
<open><prompts><onlog>off</onlog><items>"Default (none)"</items></prompts></open>
<open><constants><oxygen>21 %</oxygen><bb_vapor>1.5 </bb_vapor><bb_oxy>0.9 </bb_oxy></constants></open>
<open><stability><items>"Std Stability"<items[1]><id>-2 </id><size>15 </size><pcv><onoff>0 </onoff><value>1 </value></pcv><std><onoff>0 </onoff><value>1 </value></std><slp><onoff>1 </onoff><value>1 </value></slp></items[1]><items[2]><id>-5 </id><size>15 </size><pcv><onoff>0 </onoff><value>1 </value></pcv><std><onoff>0 </onoff><value>1 </value></std><slp><onoff>1 </onoff><value>1 </value></slp></items[2]><items[3]><id>-7 </id><size>15 </size><pcv><onoff>0 </onoff><value>1 </value></pcv><std><onoff>0 </onoff><value>1 </value></std><slp><onoff>1 </onoff><value>1 </value></slp></items[3]></items></stability></open>
<open><log><format>"StdLogFmt_6.0"<items>{ -35  -21  -36  -76  30  23  36  21  25  221  -33  111  -34  11  -9  -10  -8  -1  -2  -4  -5  -14  -15  -7  -12  -13  -11  -65  -66  -72  -18  -19  -77  -78  -79  -23   }<hdr>{  }</hdr></items></format><options><beep>on</beep><hdr>normal</hdr><rem>normal</rem><stab>no</stab><stats>no<period>15 </period></stats><excel>yes</excel><comm>no</comm></options><datafile>"/User/130313-campany-aci-4-5"</datafile><button><action>"Normal Log"<code>" LogOneObsManual "</code></action></button><autoprog>"/User/Configs/AutoProgs/A-CiCurve"<active>no</active></autoprog></log></open>
<open><a2d><avgtime>4.0 secs</avgtime><userchans><ch20>"Off"</ch20><ch21>"Off"</ch21><ch22>"Off"</ch22><ch23>"Off"</ch23></userchans></a2d></open>
<open><matching><type>0 </type><disp>'a'</disp><settings><CO2Limit>10.0</CO2Limit><H2OLimit>1.0</H2OLimit><MaxAutoTime>60 </MaxAutoTime></settings></matching></open>
<li6400><factory><unit>"PSC-3355"</unit><serviced>"20 Oct 2011"</serviced><fuseaware>0 </fuseaware><co2mixer>yes</co2mixer><co2><coeffs>{ 0  0.207491  2.96028e-05  1.59253e-08  -2.22384e-12  2.11003e-16   }</coeffs><dvdt>-3.5 </dvdt><xs>{ 0.001  0.0003   }</xs></co2><h2o><coeffs>{ 0  0.00601295  2.02182e-06  9.90595e-11   }</coeffs><dvdt>-1.1 </dvdt><xs>{ -0.0045  0.0037   }</xs></h2o><flow>{ 0  0.3703   }</flow><press>{ 86.915  0.00548   }</press></factory></li6400>
<li6400><user><flow_zero>-503.9</flow_zero><irga_zero><co2>159.3 42.3<at>26.2505 </at></co2><h2o>120.3 198.3<at>26.2505 </at></h2o></irga_zero><irga_span><co2>{ 0.991143  0.995561   }</co2><h2o>{ 0.991456  1.0123   }</h2o></irga_span><irga_match><co2>{ 0.559219  6.30165   }</co2><h2o>{ 0.0322079  0.108579   }</h2o></irga_match><co2_mixer><pump_mv>4500 </pump_mv><ppm>{ 2402.63  1157.62  457.958  276.962  124.443  70.9742  45.6574  42.289   }</ppm><mv>{ 5000  3000  1500  1000  500  300  200  100   }</mv></co2_mixer><parin_offset>0 </parin_offset><led_cal><unit>"SI-3299"</unit><mv>{ 10  25  50  100  1000  2000  3000  4000  5000   }</mv><qntm>{ 3.27788  13.4429  31.6589  72.3062  889.43  1762.69  2593.51  3397.19  4167.12   }</qntm></led_cal><lcf_cal><unit>"unknown"</unit><red><mv>{ 50  100  500  1000  1500  5000   }</mv><qntm>{ 50  100  500  1000  2000  5000   }</qntm></red><blue><mv>{ 100  200  500  1000  2000  5000   }</mv><qntm>{ 10  20  50  100  200  500   }</qntm></blue></lcf_cal></user></li6400>
"10:27:02 4-5"
$STARTOFDATA$
"Obs"	"HHMMSS"	"FTime"	"EBal?"	"Photo"	"Cond"	"Ci"	"Trmmol"	"VpdL"	"CTleaf"	"Area"	"BLC_1"	"StmRat"	"BLCond"	"Tair"	"Tleaf"	"TBlk"	"CO2R"	"CO2S"	"H2OR"	"H2OS"	"RH_R"	"RH_S"	"Flow"	"PARi"	"PARo"	"Press"	"CsMch"	"HsMch"	"StableF"	"BLCslope"	"BLCoffst"	"f_parin"	"f_parout"	"alphaK"	"Status"
1	"10:35:01"	491.5	0	13.3	0.249	284	3.14	1.35	24.94	6	1.42	1	2.84	22.30	24.94	21.30	400.50	383.06	14.259	17.962	53.35	67.20	499.6	1800	81	101.1	6.31	0.0585	1.0	-0.22	2.74	1.00	0.00	0.16	111115
2	"10:35:15"	505.0	0	13.3	0.248	284	3.12	1.35	24.91	6	1.42	1	2.84	22.29	24.91	21.31	400.43	383.08	14.248	17.925	53.33	67.10	499.7	1800	82	101.1	6.31	0.0585	1.0	-0.22	2.74	1.00	0.00	0.16	111115
3	"10:35:27"	517.5	0	13.3	0.247	284	3.11	1.35	24.87	6	1.42	1	2.84	22.28	24.87	21.32	400.53	383.18	14.227	17.890	53.29	67.01	499.7	1801	82	101.1	6.31	0.0585	1.0	-0.22	2.74	1.00	0.00	0.16	111115
4	"10:35:39"	529.5	0	13.3	0.246	283	3.09	1.35	24.85	6	1.42	1	2.84	22.26	24.85	21.31	400.52	383.10	14.209	17.850	53.28	66.94	499.7	1802	81	101.1	6.31	0.0585	1.0	-0.22	2.74	1.00	0.00	0.16	111115
5	"10:35:51"	542.0	0	13.3	0.246	282	3.07	1.34	24.80	6	1.42	1	2.84	22.24	24.80	21.31	400.44	383.00	14.197	17.820	53.30	66.90	499.7	1799	81	101.1	6.31	0.0585	1.0	-0.22	2.74	1.00	0.00	0.16	111115
6	"10:36:05"	555.0	0	13.3	0.245	283	3.05	1.33	24.75	6	1.42	1	2.84	22.24	24.75	21.36	400.42	383.10	14.190	17.790	53.29	66.81	499.7	1799	81	101.1	6.31	0.0585	1.0	-0.22	2.74	1.00	0.00	0.16	111115
7	"10:36:18"	568.5	0	13.3	0.244	283	3.05	1.34	24.78	6	1.42	1	2.84	22.32	24.78	21.57	400.55	383.22	14.179	17.781	52.96	66.42	499.7	1799	82	101.1	6.31	0.0585	1.0	-0.22	2.74	1.00	0.00	0.16	111115
8	"10:36:31"	581.5	0	13.3	0.245	283	3.06	1.34	24.77	6	1.42	1	2.84	22.40	24.77	21.72	400.57	383.16	14.161	17.774	52.64	66.07	499.7	1799	82	101.1	6.31	0.0585	1.0	-0.22	2.74	1.00	0.00	0.16	111115
9	"10:36:44"	594.0	0	13.2	0.244	283	3.07	1.35	24.80	6	1.42	1	2.84	22.47	24.80	21.77	400.53	383.22	14.148	17.763	52.38	65.76	499.7	1799	82	101.1	6.31	0.0585	1.0	-0.22	2.74	1.00	0.00	0.16	111115
10	"10:36:57"	607.5	0	13.2	0.243	282	3.07	1.36	24.85	6	1.42	1	2.84	22.57	24.85	21.95	400.59	383.28	14.136	17.762	52.03	65.37	499.7	1798	81	101.1	6.31	0.0585	1.0	-0.22	2.74	1.00	0.00	0.16	111115
"10:37:02 Launched AutoProg /User/Configs/AutoProgs/A-CiCurve"
11	"10:38:41"	711.0	0	13.6	0.234	274	3.19	1.46	25.46	6	1.42	1	2.84	22.88	25.46	21.35	399.83	382.01	14.130	17.896	51.03	64.63	499.7	1799	100	101.1	5.93	0.00749	0.7	-0.22	2.74	1.00	0.00	0.16	111115
12	"10:40:10"	800.0	0	-0.106	0.247	50.4	3.22	1.4	25.17	6	1.42	1	2.84	22.16	25.17	20.87	50.88	50.81	14.151	17.949	53.39	67.72	499.7	1800	100	101.1	4.22	0.0345	1.0	-0.22	2.74	1.00	0.00	0.16	111115
13	"10:41:40"	890.5	0	2.17	0.261	80.6	3.28	1.35	24.99	6	1.42	1	2.84	22.06	24.99	20.92	99.86	96.87	14.162	18.032	53.76	68.45	499.7	1801	101	101.1	4.76	0.0468	1.0	-0.22	2.74	1.00	0.00	0.16	111115
14	"10:43:09"	979.0	0	4.39	0.275	114	3.38	1.33	24.93	6	1.42	1	2.84	22.06	24.93	20.93	149.87	144.01	14.202	18.184	53.91	69.03	499.7	1801	101	101.1	5.24	0.0432	1.0	-0.22	2.74	1.00	0.00	0.16	111115
15	"10:44:38"	1068.0	0	7.69	0.291	169	3.51	1.31	24.94	6	1.42	1	2.84	22.06	24.94	20.93	228.92	218.77	14.258	18.397	54.11	69.82	499.7	1800	100	101.1	5.83	0.0438	1.0	-0.22	2.74	1.00	0.00	0.16	111115
16	"10:46:08"	1158.0	0	11.4	0.307	246	3.63	1.29	24.96	6	1.42	1	2.84	22.08	24.96	20.92	331.16	316.13	14.316	18.599	54.26	70.50	499.7	1800	101	101.1	6.3	0.0465	1.0	-0.22	2.74	1.00	0.00	0.16	111115
17	"10:47:37"	1247.0	0	13.6	0.315	299	3.66	1.27	24.90	6	1.42	1	2.84	22.07	24.90	20.93	399.90	381.89	14.410	18.718	54.66	71.00	499.7	1801	101	101.1	6.55	0.0478	1.0	-0.22	2.74	1.00	0.00	0.16	111115
18	"10:49:46"	1376.0	0	17.9	0.313	514	3.65	1.28	25.01	6	1.42	1	2.84	22.12	25.01	20.92	650.33	626.05	14.545	18.845	54.99	71.24	499.7	1800	102	101.1	6.28	0.0555	1.0	-0.22	2.74	1.00	0.00	0.16	111115
19	"10:52:19"	1529.0	0	19.6	0.262	1.02E+03	3.2	1.32	25.01	6	1.42	1	2.84	22.10	25.01	20.92	1201.17	1173.13	14.679	18.455	55.58	69.88	499.7	1800	103	101.1	3.15	0.0733	1.0	-0.22	2.74	1.00	0.00	0.16	111115
20	"10:54:24"	1654.5	0	20.6	0.227	1.28E+03	2.9	1.36	25.12	6	1.42	1	2.84	22.12	25.12	20.93	1500.14	1470.28	14.796	18.214	55.96	68.88	499.7	1799	104	101.1	0.123	0.0787	1.0	-0.22	2.74	1.00	0.00	0.16	111115
21	"10:56:03"	1753.0	0	21	0.209	1.37E+03	2.72	1.38	25.13	6	1.42	1	2.84	21.89	25.13	20.52	1598.78	1568.48	14.864	18.071	57.01	69.31	499.6	1801	102	101.1	-1.24	0.0834	1.0	-0.22	2.74	1.00	0.00	0.16	111115
22	"10:57:32"	1842.0	0	21.3	0.194	1.55E+03	2.56	1.39	25.14	6	1.42	1	2.84	21.75	25.14	20.32	1800.34	1769.34	14.916	17.940	57.69	69.39	499.7	1801	105	101.1	-3.61	0.0988	1.0	-0.22	2.74	1.00	0.00	0.16	111115
23	"10:59:29"	1959.0	0	11.7	0.172	263	2.32	1.41	25.11	6	1.42	1	2.84	21.60	25.11	20.13	399.43	384.31	15.006	17.746	58.55	69.24	499.7	1800	105	101.1	6.35	0.0839	1.0	-0.22	2.74	1.00	0.00	0.16	111115
