"OPEN 6.1.4"
"Wed Mar 13 2013 09:09:16"
<open><version>"6.1.4"</version></open>
<open><configfile>"/User/Configs/UserPrefs/LED 2x3 cm2.xml"</configfile></open>
<open><light><source>"6400-02 or -02B LED Source"</source><par_in>1 <sensor>"SI-3298"<cal>-0.95<actinity>1.00</actinity><transm>1.00</transm></cal></sensor><transm>1 </transm></par_in><par_out>1 <sensor>"Q46017"<cal>5.8 </cal></sensor></par_out></light></open>
<open><comps><file>"/User/Configs/Comps/StdComps_6.1"<header>""</header><extras></extras></file><energybal>no<f_parIn>1 </f_parIn><f_parOut>0 </f_parOut><alphaK>0.16</alphaK></energybal><bc_total>2.840<stomatal_ratio>1</stomatal_ratio><bc_oneside>1.420<type>2 </type><table>"/Sys/Lib/StdBLCTable"</table><area>6</area><slope>-0.219565 </slope><offset>2.73739 </offset><fan>5 </fan></bc_oneside></bc_total></comps></open>
<open><prompts><onlog>off</onlog><items>"Default (none)"</items></prompts></open>
<open><constants><oxygen>21 %</oxygen><bb_vapor>1.5 </bb_vapor><bb_oxy>0.9 </bb_oxy></constants></open>
<open><stability><items>"Std Stability"<items[1]><id>-2 </id><size>15 </size><pcv><onoff>0 </onoff><value>1 </value></pcv><std><onoff>0 </onoff><value>1 </value></std><slp><onoff>1 </onoff><value>1 </value></slp></items[1]><items[2]><id>-5 </id><size>15 </size><pcv><onoff>0 </onoff><value>1 </value></pcv><std><onoff>0 </onoff><value>1 </value></std><slp><onoff>1 </onoff><value>1 </value></slp></items[2]><items[3]><id>-7 </id><size>15 </size><pcv><onoff>0 </onoff><value>1 </value></pcv><std><onoff>0 </onoff><value>1 </value></std><slp><onoff>1 </onoff><value>1 </value></slp></items[3]></items></stability></open>
<open><log><format>"StdLogFmt_6.0"<items>{ -35  -21  -36  -76  30  23  36  21  25  221  -33  111  -34  11  -9  -10  -8  -1  -2  -4  -5  -14  -15  -7  -12  -13  -11  -65  -66  -72  -18  -19  -77  -78  -79  -23   }<hdr>{  }</hdr></items></format><options><beep>on</beep><hdr>normal</hdr><rem>normal</rem><stab>no</stab><stats>no<period>15 </period></stats><excel>yes</excel><comm>no</comm></options><datafile>"/User/130313-campany-aci"</datafile><button><action>"Normal Log"<code>" LogOneObsManual "</code></action></button><autoprog>"/User/Configs/AutoProgs/AutoLog"<active>no</active></autoprog></log></open>
<open><a2d><avgtime>4.0 secs</avgtime><userchans><ch20>"Off"</ch20><ch21>"Off"</ch21><ch22>"Off"</ch22><ch23>"Off"</ch23></userchans></a2d></open>
<open><matching><type>0 </type><disp>'a'</disp><settings><CO2Limit>10.0</CO2Limit><H2OLimit>1.0</H2OLimit><MaxAutoTime>60 </MaxAutoTime></settings></matching></open>
<li6400><factory><unit>"PSC-3354"</unit><serviced>"20 Oct 2011"</serviced><fuseaware>0 </fuseaware><co2mixer>yes</co2mixer><co2><coeffs>{ 0  0.215048  2.06829e-05  2.3171e-08  -4.35894e-12  4.12546e-16   }</coeffs><dvdt>-3.2 </dvdt><xs>{ 0.0008  0.0005   }</xs></co2><h2o><coeffs>{ 0  0.00593354  1.99542e-06  1.12867e-10   }</coeffs><dvdt>-1 </dvdt><xs>{ -0.0031  0.0018   }</xs></h2o><flow>{ 0  0.3834   }</flow><press>{ 86.924  0.00548   }</press></factory></li6400>
<li6400><user><flow_zero>-1322.4</flow_zero><irga_zero><co2>159.5 42.5<at>26.6987 </at></co2><h2o>81.5 42.5<at>26.6987 </at></h2o></irga_zero><irga_span><co2>{ 0.992095  0.99397   }</co2><h2o>{ 0.997148  1.01601   }</h2o></irga_span><irga_match><co2>{ 0.331856  -0.211789   }</co2><h2o>{ 0.00269402  -0.308349   }</h2o></irga_match><co2_mixer><pump_mv>4700 </pump_mv><ppm>{ 2216.11  1070.09  424.393  258.247  117.69  68.1349  44.6201  41.3906   }</ppm><mv>{ 5000  3000  1500  1000  500  300  200  100   }</mv></co2_mixer><parin_offset>0 </parin_offset><led_cal><unit>"SI-3298"</unit><mv>{ 10  25  50  100  1000  2000  3000  4000  5000   }</mv><qntm>{ 3.13378  12.761  30.4089  72.0544  881.514  1748.68  2573.18  3368.03  4130.49   }</qntm></led_cal><lcf_cal><unit>"unknown"</unit><red><mv>{ 50  100  500  1000  1500  5000   }</mv><qntm>{ 50  100  500  1000  2000  5000   }</qntm></red><blue><mv>{ 100  200  500  1000  2000  5000   }</mv><qntm>{ 10  20  50  100  200  500   }</qntm></blue></lcf_cal></user></li6400>
"09:09:58 4-7"
$STARTOFDATA$
"Obs"	"HHMMSS"	"FTime"	"EBal?"	"Photo"	"Cond"	"Ci"	"Trmmol"	"VpdL"	"CTleaf"	"Area"	"BLC_1"	"StmRat"	"BLCond"	"Tair"	"Tleaf"	"TBlk"	"CO2R"	"CO2S"	"H2OR"	"H2OS"	"RH_R"	"RH_S"	"Flow"	"PARi"	"PARo"	"Press"	"CsMch"	"HsMch"	"StableF"	"BLCslope"	"BLCoffst"	"f_parin"	"f_parout"	"alphaK"	"Status"
1	"09:25:27"	986.0	0	23.3	0.753	303	6.47	1.07	25.15	6	1.42	1	2.84	24.86	25.15	24.65	400.40	369.58	13.548	21.159	43.42	67.80	499.4	1801	295	101.1	-3.04	-0.259	0.7	-0.22	2.74	1.00	0.00	0.16	111115
2	"09:25:41"	1000.0	0	23.1	0.723	302	6.39	1.09	25.23	6	1.42	1	2.84	24.86	25.23	24.67	400.32	369.75	13.585	21.099	43.53	67.61	499.5	1801	299	101.1	-3.04	-0.259	1.0	-0.22	2.74	1.00	0.00	0.16	111115
3	"09:25:55"	1014.5	0	23	0.718	302	6.36	1.09	25.23	6	1.42	1	2.84	24.78	25.23	24.41	400.22	369.79	13.623	21.101	43.88	67.96	499.4	1801	302	101.1	-3.04	-0.259	1.0	-0.22	2.74	1.00	0.00	0.16	111115
4	"09:26:09"	1028.5	0	23.2	0.714	301	6.32	1.09	25.22	6	1.42	1	2.84	24.70	25.22	24.28	400.20	369.57	13.666	21.096	44.23	68.27	499.5	1801	309	101.1	-3.04	-0.259	1.0	-0.22	2.74	1.00	0.00	0.16	111115
5	"09:26:22"	1041.5	0	23.2	0.714	301	6.27	1.08	25.17	6	1.42	1	2.84	24.61	25.17	24.21	400.26	369.62	13.704	21.079	44.60	68.60	499.4	1801	315	101.1	-3.04	-0.259	1.0	-0.22	2.74	1.00	0.00	0.16	111115
6	"09:26:35"	1054.5	0	23.3	0.714	301	6.23	1.07	25.13	6	1.42	1	2.84	24.52	25.13	24.02	400.22	369.52	13.741	21.072	44.94	68.93	499.4	1801	319	101.1	-3.04	-0.259	1.0	-0.22	2.74	1.00	0.00	0.16	111115
7	"09:26:52"	1071.0	0	23.3	0.717	301	6.21	1.07	25.09	6	1.42	1	2.84	24.48	25.09	24.07	400.24	369.50	13.785	21.084	45.20	69.13	499.4	1802	325	101.1	-3.04	-0.259	1.0	-0.22	2.74	1.00	0.00	0.16	111115
8	"09:27:05"	1084.5	0	23.2	0.711	300	6.18	1.07	25.11	6	1.42	1	2.84	24.48	25.11	24.08	400.12	369.49	13.821	21.088	45.31	69.14	499.4	1800	331	101.1	-3.04	-0.259	1.0	-0.22	2.74	1.00	0.00	0.16	111115
9	"09:27:37"	1116.0	0	23.2	0.715	301	6.15	1.06	25.09	6	1.42	1	2.84	24.54	25.09	24.33	400.14	369.56	13.900	21.133	45.43	69.07	499.4	1799	343	101.1	-3.04	-0.259	1.0	-0.22	2.74	1.00	0.00	0.16	111115
10	"09:27:39"	1119.0	0	23.2	0.711	300	6.14	1.06	25.09	6	1.42	1	2.84	24.54	25.09	24.32	400.18	369.54	13.909	21.125	45.44	69.01	499.4	1800	343	101.1	-3.04	-0.259	1.0	-0.22	2.74	1.00	0.00	0.16	111115
"09:27:45 Launched AutoProg /User/Configs/AutoProgs/A-CiCurve"
11	"09:30:11"	1270.5	0	22.5	0.71	303	5.79	1	24.79	6	1.42	1	2.84	24.17	24.79	23.89	399.83	370.24	14.343	21.147	47.91	70.63	499.4	1799	424	101.1	-2.29	-0.193	1.0	-0.22	2.74	1.00	0.00	0.16	111115
12	"09:32:11"	1390.0	0	-0.245	0.713	49.9	5.75	0.993	24.87	6	1.42	1	2.84	24.47	24.87	24.46	50.02	49.97	14.624	21.386	47.99	70.18	499.4	1801	472	101.1	-1.58	-0.205	1.0	-0.22	2.74	1.00	0.00	0.16	111115
13	"09:34:18"	1517.5	0	3.51	0.736	84	5.96	1	25.11	6	1.42	1	2.84	24.95	25.11	25.06	99.68	94.79	14.748	21.738	47.02	69.31	500.4	1800	545	101.1	-1.59	-0.227	1.0	-0.22	2.74	1.00	0.00	0.16	111115
14	"09:36:18"	1637.0	0	7.37	0.745	119	5.87	0.979	25.04	6	1.42	1	2.84	24.44	25.04	24.07	150.15	140.33	14.952	21.840	49.15	71.79	500.4	1801	593	101.1	-1.3	-0.206	1.0	-0.22	2.74	1.00	0.00	0.16	111115
15	"09:38:18"	1757.5	0	13.5	0.742	175	5.76	0.964	25.02	6	1.42	1	2.84	24.37	25.02	24.08	231.50	213.84	15.194	21.955	50.16	72.48	500.3	1800	670	101.1	-1.51	-0.196	1.0	-0.22	2.74	1.00	0.00	0.16	111115
16	"09:40:18"	1877.0	0	19.3	0.751	249	5.79	0.959	25.08	6	1.42	1	2.84	24.29	25.08	23.89	329.53	304.21	15.338	22.124	50.86	73.36	500.3	1799	740	101.1	-1.81	-0.189	0.7	-0.22	2.74	1.00	0.00	0.16	111115
17	"09:42:18"	1997.5	0	22.5	0.769	309	5.76	0.937	25.04	6	1.42	1	2.84	23.94	25.04	23.29	401.28	371.68	15.508	22.266	52.53	75.42	500.3	1799	807	101.1	-1.74	-0.177	1.0	-0.22	2.74	1.00	0.00	0.16	111115
18	"09:44:27"	2126.5	0	26.5	0.778	540	5.58	0.898	24.83	6	1.42	1	2.84	23.63	24.83	22.90	651.33	615.43	15.719	22.260	54.23	76.79	500.3	1800	880	101.1	-3.43	-0.168	1.0	-0.22	2.74	1.00	0.00	0.16	111115
19	"09:46:39"	2258.0	0	28.1	0.773	1.07E+03	5.64	0.913	25.03	6	1.42	1	2.84	24.03	25.03	23.50	1198.99	1157.49	15.869	22.478	53.46	75.72	500.3	1799	948	101.1	-7.33	-0.18	0.7	-0.22	2.74	1.00	0.00	0.16	111115
20	"09:48:39"	2378.5	0	28.3	0.748	1.36E+03	5.64	0.937	25.23	6	1.42	1	2.84	24.02	25.23	23.28	1501.03	1457.27	16.020	22.631	54.01	76.30	500.2	1799	1018	101.1	-9.86	-0.171	0.7	-0.22	2.74	1.00	0.00	0.16	111115
21	"09:50:39"	2498.0	0	28.6	0.733	1.46E+03	5.41	0.913	25.09	6	1.42	1	2.84	23.33	25.09	22.10	1600.37	1555.93	16.255	22.593	57.11	79.37	500.3	1801	1075	101.1	-10.6	-0.141	1.0	-0.22	2.74	1.00	0.00	0.16	111115
22	"09:52:42"	2621.5	0	28.5	0.7	1.65E+03	5.11	0.894	24.92	6	1.42	1	2.84	23.27	24.92	22.33	1799.79	1754.89	16.476	22.464	58.10	79.21	500.4	1800	1132	101.1	-12.4	-0.129	1.0	-0.22	2.74	1.00	0.00	0.16	111115
"09:54:44 Warning! Large Deltas in match: CO2=-10.6, H2O=0.01"
23	"09:55:03"	2762.5	0	21.3	0.668	305	4.91	0.893	24.91	6	1.42	1	2.84	23.53	24.91	22.91	398.66	370.90	16.688	22.443	57.95	77.94	500.3	1801	1175	101.1	-1.82	-0.139	1.0	-0.22	2.74	1.00	0.00	0.16	111115
