"OPEN 6.1.4"
"Wed Mar 13 2013 09:49:41"
<open><version>"6.1.4"</version></open>
<open><configfile>"/User/Configs/UserPrefs/LED 2x3.xml"</configfile></open>
<open><light><source>"6400-02 or -02B LED Source"</source><par_in>1 <sensor>"SI-3299"<cal>-0.91<actinity>1.00</actinity><transm>1.00</transm></cal></sensor><transm>1 </transm></par_in><par_out>1 <sensor>"Q46018"<cal>6.4 </cal></sensor></par_out></light></open>
<open><comps><file>"/User/Configs/Comps/StdComps_6.1"<header>""</header><extras></extras></file><energybal>no<f_parIn>1 </f_parIn><f_parOut>0 </f_parOut><alphaK>0.16</alphaK></energybal><bc_total>2.840<stomatal_ratio>1</stomatal_ratio><bc_oneside>1.420<type>2 </type><table>"/Sys/Lib/StdBLCTable"</table><area>6</area><slope>-0.219565 </slope><offset>2.73739 </offset><fan>5 </fan></bc_oneside></bc_total></comps></open>
<open><prompts><onlog>off</onlog><items>"Default (none)"</items></prompts></open>
<open><constants><oxygen>21 %</oxygen><bb_vapor>1.5 </bb_vapor><bb_oxy>0.9 </bb_oxy></constants></open>
<open><stability><items>"Std Stability"<items[1]><id>-2 </id><size>15 </size><pcv><onoff>0 </onoff><value>1 </value></pcv><std><onoff>0 </onoff><value>1 </value></std><slp><onoff>1 </onoff><value>1 </value></slp></items[1]><items[2]><id>-5 </id><size>15 </size><pcv><onoff>0 </onoff><value>1 </value></pcv><std><onoff>0 </onoff><value>1 </value></std><slp><onoff>1 </onoff><value>1 </value></slp></items[2]><items[3]><id>-7 </id><size>15 </size><pcv><onoff>0 </onoff><value>1 </value></pcv><std><onoff>0 </onoff><value>1 </value></std><slp><onoff>1 </onoff><value>1 </value></slp></items[3]></items></stability></open>
<open><log><format>"StdLogFmt_6.0"<items>{ -35  -21  -36  -76  30  23  36  21  25  221  -33  111  -34  11  -9  -10  -8  -1  -2  -4  -5  -14  -15  -7  -12  -13  -11  -65  -66  -72  -18  -19  -77  -78  -79  -23   }<hdr>{  }</hdr></items></format><options><beep>on</beep><hdr>normal</hdr><rem>normal</rem><stab>no</stab><stats>no<period>15 </period></stats><excel>yes</excel><comm>no</comm></options><datafile>"/User/130313-campany-aci-7-8"</datafile><button><action>"Normal Log"<code>" LogOneObsManual "</code></action></button><autoprog>"/User/Configs/AutoProgs/A-CiCurve"<active>no</active></autoprog></log></open>
<open><a2d><avgtime>4.0 secs</avgtime><userchans><ch20>"Off"</ch20><ch21>"Off"</ch21><ch22>"Off"</ch22><ch23>"Off"</ch23></userchans></a2d></open>
<open><matching><type>0 </type><disp>'a'</disp><settings><CO2Limit>10.0</CO2Limit><H2OLimit>1.0</H2OLimit><MaxAutoTime>60 </MaxAutoTime></settings></matching></open>
<li6400><factory><unit>"PSC-3355"</unit><serviced>"20 Oct 2011"</serviced><fuseaware>0 </fuseaware><co2mixer>yes</co2mixer><co2><coeffs>{ 0  0.207491  2.96028e-05  1.59253e-08  -2.22384e-12  2.11003e-16   }</coeffs><dvdt>-3.5 </dvdt><xs>{ 0.001  0.0003   }</xs></co2><h2o><coeffs>{ 0  0.00601295  2.02182e-06  9.90595e-11   }</coeffs><dvdt>-1.1 </dvdt><xs>{ -0.0045  0.0037   }</xs></h2o><flow>{ 0  0.3703   }</flow><press>{ 86.915  0.00548   }</press></factory></li6400>
<li6400><user><flow_zero>-503.9</flow_zero><irga_zero><co2>159.3 42.3<at>26.2505 </at></co2><h2o>120.3 198.3<at>26.2505 </at></h2o></irga_zero><irga_span><co2>{ 0.991143  0.995561   }</co2><h2o>{ 0.991456  1.0123   }</h2o></irga_span><irga_match><co2>{ 0.559219  6.31902   }</co2><h2o>{ 0.0322079  -0.0341405   }</h2o></irga_match><co2_mixer><pump_mv>4500 </pump_mv><ppm>{ 2402.63  1157.62  457.958  276.962  124.443  70.9742  45.6574  42.289   }</ppm><mv>{ 5000  3000  1500  1000  500  300  200  100   }</mv></co2_mixer><parin_offset>0 </parin_offset><led_cal><unit>"SI-3299"</unit><mv>{ 10  25  50  100  1000  2000  3000  4000  5000   }</mv><qntm>{ 3.27788  13.4429  31.6589  72.3062  889.43  1762.69  2593.51  3397.19  4167.12   }</qntm></led_cal><lcf_cal><unit>"unknown"</unit><red><mv>{ 50  100  500  1000  1500  5000   }</mv><qntm>{ 50  100  500  1000  2000  5000   }</qntm></red><blue><mv>{ 100  200  500  1000  2000  5000   }</mv><qntm>{ 10  20  50  100  200  500   }</qntm></blue></lcf_cal></user></li6400>
"09:49:47 7-8"
$STARTOFDATA$
"Obs"	"HHMMSS"	"FTime"	"EBal?"	"Photo"	"Cond"	"Ci"	"Trmmol"	"VpdL"	"CTleaf"	"Area"	"BLC_1"	"StmRat"	"BLCond"	"Tair"	"Tleaf"	"TBlk"	"CO2R"	"CO2S"	"H2OR"	"H2OS"	"RH_R"	"RH_S"	"Flow"	"PARi"	"PARo"	"Press"	"CsMch"	"HsMch"	"StableF"	"BLCslope"	"BLCoffst"	"f_parin"	"f_parout"	"alphaK"	"Status"
1	"09:57:47"	500.0	0	15.7	0.31	285	3.25	1.15	24.87	6	1.42	1	2.84	22.49	24.87	21.50	399.89	379.59	16.044	19.872	59.32	73.47	499.7	1801	95	101.1	6.32	0.0181	1.0	-0.22	2.74	1.00	0.00	0.16	111115
2	"09:57:58"	511.5	0	15.7	0.309	285	3.23	1.14	24.84	6	1.42	1	2.84	22.47	24.84	21.50	399.82	379.53	16.055	19.854	59.44	73.51	499.7	1801	98	101.1	6.32	0.0181	1.0	-0.22	2.74	1.00	0.00	0.16	111115
3	"09:58:10"	523.5	0	15.6	0.31	285	3.21	1.13	24.78	6	1.42	1	2.84	22.46	24.78	21.54	399.72	379.53	16.075	19.851	59.57	73.56	499.7	1800	98	101.1	6.32	0.0181	1.0	-0.22	2.74	1.00	0.00	0.16	111115
4	"09:58:24"	538.0	0	15.8	0.308	284	3.2	1.13	24.80	6	1.42	1	2.84	22.54	24.80	21.76	399.96	379.57	16.096	19.859	59.34	73.21	499.7	1800	97	101.1	6.32	0.0181	1.0	-0.22	2.74	1.00	0.00	0.16	111115
5	"09:58:37"	551.0	0	15.6	0.309	285	3.2	1.13	24.79	6	1.42	1	2.84	22.61	24.79	21.92	399.84	379.66	16.108	19.873	59.14	72.96	499.7	1799	94	101.1	6.32	0.0181	1.0	-0.22	2.74	1.00	0.00	0.16	111115
6	"09:58:50"	563.0	0	15.7	0.308	285	3.19	1.13	24.79	6	1.42	1	2.84	22.67	24.79	21.97	399.87	379.59	16.123	19.878	58.96	72.69	499.7	1800	96	101.1	6.32	0.0181	1.0	-0.22	2.74	1.00	0.00	0.16	111115
7	"09:59:03"	576.5	0	15.6	0.308	285	3.19	1.13	24.81	6	1.42	1	2.84	22.76	24.81	22.15	399.84	379.60	16.134	19.891	58.69	72.36	499.7	1800	96	101.1	6.32	0.0181	1.0	-0.22	2.74	1.00	0.00	0.16	111115
8	"09:59:15"	589.0	0	15.6	0.31	285	3.2	1.13	24.79	6	1.42	1	2.84	22.82	24.79	22.27	399.76	379.58	16.144	19.906	58.52	72.15	499.7	1801	96	101.1	6.32	0.0181	1.0	-0.22	2.74	1.00	0.00	0.16	111115
9	"09:59:28"	601.5	0	15.6	0.307	285	3.2	1.14	24.86	6	1.42	1	2.84	22.91	24.86	22.34	399.77	379.60	16.151	19.921	58.23	71.82	499.7	1800	95	101.1	6.32	0.0181	1.0	-0.22	2.74	1.00	0.00	0.16	111115
10	"09:59:41"	615.0	0	15.6	0.306	284	3.2	1.14	24.86	6	1.42	1	2.84	22.93	24.86	22.29	399.81	379.61	16.163	19.924	58.21	71.76	499.7	1800	97	101.1	6.32	0.0181	1.0	-0.22	2.74	1.00	0.00	0.16	111115
"09:59:49 Launched AutoProg /User/Configs/AutoProgs/A-CiCurve"
11	"10:01:48"	741.0	0	15.8	0.302	282	3.32	1.2	25.34	6	1.42	1	2.84	23.78	25.34	23.29	399.65	379.18	16.313	20.224	55.81	69.19	499.7	1800	98	101.1	6.05	-0.0149	1.0	-0.22	2.74	1.00	0.00	0.16	111115
12	"10:03:17"	829.5	0	-0.129	0.305	50.6	3.26	1.17	25.20	6	1.42	1	2.84	23.12	25.20	22.27	50.86	50.82	16.451	20.287	58.57	72.22	499.7	1799	98	101.1	4.07	-0.00797	1.0	-0.22	2.74	1.00	0.00	0.16	111115
13	"10:04:46"	918.5	0	2.44	0.319	81.5	3.29	1.13	25.09	6	1.42	1	2.84	22.92	25.09	22.10	99.84	96.53	16.578	20.450	59.71	73.66	499.7	1800	99	101.1	4.65	0.00865	1.0	-0.22	2.74	1.00	0.00	0.16	111115
14	"10:06:16"	1009.0	0	4.97	0.338	115	3.36	1.1	25.04	6	1.42	1	2.84	22.91	25.04	22.10	149.62	143.08	16.715	20.668	60.25	74.50	499.7	1800	100	101.1	5.06	0.00867	1.0	-0.22	2.74	1.00	0.00	0.16	111115
15	"10:07:45"	1097.5	0	8.98	0.357	170	3.44	1.07	25.01	6	1.42	1	2.84	22.91	25.01	22.09	229.55	217.87	16.867	20.910	60.82	75.40	499.7	1799	98	101.1	5.62	0.0129	1.0	-0.22	2.74	1.00	0.00	0.16	111115
16	"10:09:14"	1186.5	0	13.5	0.377	245	3.5	1.04	24.96	6	1.42	1	2.84	22.89	24.96	22.08	330.91	313.36	17.000	21.117	61.37	76.23	499.8	1800	99	101.1	5.96	0.0224	1.0	-0.22	2.74	1.00	0.00	0.16	111115
17	"10:10:44"	1276.5	0	16.3	0.39	299	3.54	1.02	24.96	6	1.42	1	2.84	22.89	24.96	22.09	400.51	379.34	17.153	21.316	61.90	76.92	499.7	1800	88	101.1	6.13	0.027	1.0	-0.22	2.74	1.00	0.00	0.16	111115
18	"10:12:51"	1404.0	0	20.6	0.406	522	3.63	1	25.05	6	1.42	1	2.84	22.94	25.05	22.10	649.94	622.50	17.355	21.615	62.46	77.79	499.7	1800	90	101.1	5.92	0.0358	1.0	-0.22	2.74	1.00	0.00	0.16	111115
19	"10:15:07"	1539.5	0	21.8	0.396	1.05E+03	3.58	1.01	25.20	6	1.42	1	2.84	22.88	25.20	21.90	1201.05	1169.81	17.617	21.817	63.62	78.79	499.7	1800	88	101.1	2.67	0.053	0.7	-0.22	2.74	1.00	0.00	0.16	111115
20	"10:17:10"	1663.0	0	22.3	0.366	1.34E+03	3.26	0.99	25.06	6	1.42	1	2.84	22.44	25.06	21.32	1499.02	1466.52	17.927	21.759	66.51	80.73	499.6	1801	91	101.1	-0.337	0.0994	1.0	-0.22	2.74	1.00	0.00	0.16	111115
21	"10:18:57"	1769.5	0	22.8	0.341	1.42E+03	3.03	0.977	25.00	6	1.42	1	2.84	22.38	25.00	21.32	1598.93	1565.87	18.226	21.781	67.86	81.09	499.7	1801	87	101.1	-1.52	0.117	1.0	-0.22	2.74	1.00	0.00	0.16	111115
22	"10:20:28"	1861.0	0	22.9	0.323	1.62E+03	2.82	0.959	24.92	6	1.42	1	2.84	22.34	24.92	21.31	1799.64	1766.14	18.494	21.810	69.02	81.40	499.7	1800	83	101.1	-4.33	0.127	0.7	-0.22	2.74	1.00	0.00	0.16	111115
"10:22:42 Warning! Large Deltas in match: CO2=-10.6, H2O=0.02"
23	"10:23:00"	2012.5	0	14.9	0.309	290	2.73	0.963	25.09	6	1.42	1	2.84	22.39	25.09	21.32	398.84	379.70	18.893	22.097	70.28	82.20	499.7	1801	85	101.1	6.3	0.109	0.7	-0.22	2.74	1.00	0.00	0.16	111115
