"OPEN 6.1.4"
"Wed Mar 13 2013 09:58:43"
<open><version>"6.1.4"</version></open>
<open><configfile>"/User/Configs/UserPrefs/LED 2x3 cm2.xml"</configfile></open>
<open><light><source>"6400-02 or -02B LED Source"</source><par_in>1 <sensor>"SI-3298"<cal>-0.95<actinity>1.00</actinity><transm>1.00</transm></cal></sensor><transm>1 </transm></par_in><par_out>1 <sensor>"Q46017"<cal>5.8 </cal></sensor></par_out></light></open>
<open><comps><file>"/User/Configs/Comps/StdComps_6.1"<header>""</header><extras></extras></file><energybal>no<f_parIn>1 </f_parIn><f_parOut>0 </f_parOut><alphaK>0.16</alphaK></energybal><bc_total>2.840<stomatal_ratio>1</stomatal_ratio><bc_oneside>1.420<type>2 </type><table>"/Sys/Lib/StdBLCTable"</table><area>6</area><slope>-0.219565 </slope><offset>2.73739 </offset><fan>5 </fan></bc_oneside></bc_total></comps></open>
<open><prompts><onlog>off</onlog><items>"Default (none)"</items></prompts></open>
<open><constants><oxygen>21 %</oxygen><bb_vapor>1.5 </bb_vapor><bb_oxy>0.9 </bb_oxy></constants></open>
<open><stability><items>"Std Stability"<items[1]><id>-2 </id><size>15 </size><pcv><onoff>0 </onoff><value>1 </value></pcv><std><onoff>0 </onoff><value>1 </value></std><slp><onoff>1 </onoff><value>1 </value></slp></items[1]><items[2]><id>-5 </id><size>15 </size><pcv><onoff>0 </onoff><value>1 </value></pcv><std><onoff>0 </onoff><value>1 </value></std><slp><onoff>1 </onoff><value>1 </value></slp></items[2]><items[3]><id>-7 </id><size>15 </size><pcv><onoff>0 </onoff><value>1 </value></pcv><std><onoff>0 </onoff><value>1 </value></std><slp><onoff>1 </onoff><value>1 </value></slp></items[3]></items></stability></open>
<open><log><format>"StdLogFmt_6.0"<items>{ -35  -21  -36  -76  30  23  36  21  25  221  -33  111  -34  11  -9  -10  -8  -1  -2  -4  -5  -14  -15  -7  -12  -13  -11  -65  -66  -72  -18  -19  -77  -78  -79  -23   }<hdr>{  }</hdr></items></format><options><beep>on</beep><hdr>normal</hdr><rem>normal</rem><stab>no</stab><stats>no<period>15 </period></stats><excel>yes</excel><comm>no</comm></options><datafile>"/User/130313-campany-aci-6-4"</datafile><button><action>"Normal Log"<code>" LogOneObsManual "</code></action></button><autoprog>"/User/Configs/AutoProgs/A-CiCurve"<active>no</active></autoprog></log></open>
<open><a2d><avgtime>4.0 secs</avgtime><userchans><ch20>"Off"</ch20><ch21>"Off"</ch21><ch22>"Off"</ch22><ch23>"Off"</ch23></userchans></a2d></open>
<open><matching><type>0 </type><disp>'a'</disp><settings><CO2Limit>10.0</CO2Limit><H2OLimit>1.0</H2OLimit><MaxAutoTime>60 </MaxAutoTime></settings></matching></open>
<li6400><factory><unit>"PSC-3354"</unit><serviced>"20 Oct 2011"</serviced><fuseaware>0 </fuseaware><co2mixer>yes</co2mixer><co2><coeffs>{ 0  0.215048  2.06829e-05  2.3171e-08  -4.35894e-12  4.12546e-16   }</coeffs><dvdt>-3.2 </dvdt><xs>{ 0.0008  0.0005   }</xs></co2><h2o><coeffs>{ 0  0.00593354  1.99542e-06  1.12867e-10   }</coeffs><dvdt>-1 </dvdt><xs>{ -0.0031  0.0018   }</xs></h2o><flow>{ 0  0.3834   }</flow><press>{ 86.924  0.00548   }</press></factory></li6400>
<li6400><user><flow_zero>-1322.4</flow_zero><irga_zero><co2>159.5 42.5<at>26.6987 </at></co2><h2o>81.5 42.5<at>26.6987 </at></h2o></irga_zero><irga_span><co2>{ 0.992095  0.99397   }</co2><h2o>{ 0.997148  1.01601   }</h2o></irga_span><irga_match><co2>{ 0.331856  -1.81855   }</co2><h2o>{ 0.00269402  -0.138903   }</h2o></irga_match><co2_mixer><pump_mv>4700 </pump_mv><ppm>{ 2216.11  1070.09  424.393  258.247  117.69  68.1349  44.6201  41.3906   }</ppm><mv>{ 5000  3000  1500  1000  500  300  200  100   }</mv></co2_mixer><parin_offset>0 </parin_offset><led_cal><unit>"SI-3298"</unit><mv>{ 10  25  50  100  1000  2000  3000  4000  5000   }</mv><qntm>{ 3.13378  12.761  30.4089  72.0544  881.514  1748.68  2573.18  3368.03  4130.49   }</qntm></led_cal><lcf_cal><unit>"unknown"</unit><red><mv>{ 50  100  500  1000  1500  5000   }</mv><qntm>{ 50  100  500  1000  2000  5000   }</qntm></red><blue><mv>{ 100  200  500  1000  2000  5000   }</mv><qntm>{ 10  20  50  100  200  500   }</qntm></blue></lcf_cal></user></li6400>
"09:58:43 "
$STARTOFDATA$
"Obs"	"HHMMSS"	"FTime"	"EBal?"	"Photo"	"Cond"	"Ci"	"Trmmol"	"VpdL"	"CTleaf"	"Area"	"BLC_1"	"StmRat"	"BLCond"	"Tair"	"Tleaf"	"TBlk"	"CO2R"	"CO2S"	"H2OR"	"H2OS"	"RH_R"	"RH_S"	"Flow"	"PARi"	"PARo"	"Press"	"CsMch"	"HsMch"	"StableF"	"BLCslope"	"BLCoffst"	"f_parin"	"f_parout"	"alphaK"	"Status"
"09:58:50 6-4"
1	"10:07:44"	553.5	0	14.5	0.221	264	2.57	1.24	24.95	6	1.42	1	2.84	23.00	24.95	22.41	400.57	382.00	16.112	19.137	57.76	68.61	500.3	1800	106	101.1	-1.58	-0.0574	1.0	-0.22	2.74	1.00	0.00	0.16	111115
2	"10:07:56"	565.5	0	14.5	0.228	267	2.54	1.19	24.67	6	1.42	1	2.84	22.94	24.67	22.27	400.67	382.06	16.114	19.100	57.97	68.71	500.3	1800	105	101.1	-1.58	-0.0574	1.0	-0.22	2.74	1.00	0.00	0.16	111115
3	"10:08:07"	577.0	0	14.6	0.224	264	2.56	1.21	24.83	6	1.42	1	2.84	23.09	24.83	22.97	400.63	381.91	16.106	19.115	57.44	68.18	500.3	1800	105	101.1	-1.58	-0.0574	1.0	-0.22	2.74	1.00	0.00	0.16	111115
4	"10:08:19"	588.5	0	14.6	0.221	263	2.59	1.24	25.01	6	1.42	1	2.84	23.26	25.01	23.00	400.78	382.08	16.105	19.155	56.85	67.61	500.3	1799	105	101.1	-1.58	-0.0574	1.0	-0.22	2.74	1.00	0.00	0.16	111115
5	"10:08:32"	601.5	0	14.5	0.217	262	2.56	1.25	25.04	6	1.42	1	2.84	23.14	25.04	22.41	400.72	382.20	16.103	19.117	57.25	67.97	500.3	1799	106	101.1	-1.58	-0.0574	1.0	-0.22	2.74	1.00	0.00	0.16	111115
6	"10:08:44"	614.0	0	14.5	0.218	262	2.57	1.25	25.01	6	1.42	1	2.84	23.09	25.01	22.48	400.63	382.07	16.101	19.124	57.39	68.17	500.3	1799	106	101.1	-1.58	-0.0574	1.0	-0.22	2.74	1.00	0.00	0.16	111115
7	"10:08:57"	626.5	0	14.6	0.217	261	2.58	1.26	25.06	6	1.42	1	2.84	23.11	25.06	22.52	400.77	382.04	16.104	19.134	57.34	68.13	500.3	1799	106	101.1	-1.58	-0.0574	1.0	-0.22	2.74	1.00	0.00	0.16	111115
8	"10:09:09"	639.0	0	14.6	0.217	261	2.58	1.26	25.07	6	1.42	1	2.84	23.12	25.07	22.52	400.74	382.05	16.100	19.131	57.31	68.09	500.3	1799	105	101.1	-1.58	-0.0574	1.0	-0.22	2.74	1.00	0.00	0.16	111115
9	"10:09:21"	651.0	0	14.5	0.217	262	2.58	1.26	25.06	6	1.42	1	2.84	23.12	25.06	22.51	400.78	382.21	16.094	19.128	57.29	68.08	500.3	1800	105	101.1	-1.58	-0.0574	1.0	-0.22	2.74	1.00	0.00	0.16	111115
10	"10:09:35"	664.5	0	14.5	0.218	262	2.58	1.26	25.05	6	1.42	1	2.84	23.12	25.05	22.51	400.77	382.25	16.089	19.121	57.25	68.03	500.4	1800	109	101.1	-1.58	-0.0574	1.0	-0.22	2.74	1.00	0.00	0.16	111115
"10:09:55 Launched AutoProg /User/Configs/AutoProgs/A-CiCurve"
11	"10:11:59"	807.5	0	15.3	0.215	254	2.49	1.23	25.11	6	1.42	1	2.84	22.60	25.11	20.69	400.29	380.85	16.601	19.533	60.96	71.73	500.3	1800	171	101.1	-1.87	-0.07	1.0	-0.22	2.74	1.00	0.00	0.16	111115
12	"10:13:28"	897.0	0	-0.194	0.225	51.5	2.5	1.18	25.08	6	1.42	1	2.84	22.05	25.08	20.36	50.90	50.98	16.979	19.918	64.49	75.65	500.3	1799	170	101.1	-1.14	-0.0498	1.0	-0.22	2.74	1.00	0.00	0.16	111115
13	"10:14:57"	985.5	0	2.23	0.25	80.5	2.52	1.08	24.69	6	1.42	1	2.84	21.98	24.69	20.35	100.36	97.39	17.221	20.185	65.70	77.00	500.3	1802	157	101.1	-0.941	-0.0547	0.7	-0.22	2.74	1.00	0.00	0.16	111115
14	"10:16:26"	1075.0	0	4.78	0.256	110	2.61	1.1	24.97	6	1.42	1	2.84	22.16	24.97	20.76	150.26	144.08	17.471	20.539	65.91	77.48	500.3	1800	155	101.1	-0.808	-0.0488	1.0	-0.22	2.74	1.00	0.00	0.16	111115
15	"10:17:56"	1165.0	0	8.7	0.27	160	2.66	1.06	24.96	6	1.42	1	2.84	21.92	24.96	20.17	230.60	219.47	17.720	20.845	67.85	79.82	500.3	1799	151	101.1	-1.03	-0.0781	1.0	-0.22	2.74	1.00	0.00	0.16	111115
16	"10:19:26"	1254.5	0	13.3	0.292	229	2.75	1.02	24.92	6	1.42	1	2.84	21.80	24.92	19.97	329.35	312.40	17.943	21.176	69.20	81.67	500.3	1801	151	101.1	-1.37	-0.085	1.0	-0.22	2.74	1.00	0.00	0.16	111115
17	"10:20:56"	1345.0	0	16.2	0.306	282	2.82	1	24.96	6	1.42	1	2.84	21.80	24.96	19.98	401.03	380.31	18.142	21.451	69.97	82.73	500.3	1801	152	101.1	-1.43	-0.0817	1.0	-0.22	2.74	1.00	0.00	0.16	111115
18	"10:22:57"	1465.5	0	20.7	0.279	486	2.57	0.996	24.84	6	1.42	1	2.84	21.34	24.84	19.14	650.21	623.45	18.282	21.304	72.53	84.51	500.3	1801	152	101.1	-2.58	-0.0898	1.0	-0.22	2.74	1.00	0.00	0.16	111115
19	"10:24:47"	1576.0	0	22.7	0.319	1.03E+03	2.74	0.938	24.71	6	1.42	1	2.84	21.83	24.71	20.39	1198.76	1167.76	18.428	21.638	70.92	83.27	500.3	1800	150	101.1	-6.14	-0.0621	0.7	-0.22	2.74	1.00	0.00	0.16	111115
20	"10:26:53"	1702.0	0	21.8	0.287	1.31E+03	2.66	1.01	25.06	6	1.42	1	2.84	22.11	25.06	20.56	1499.16	1468.32	18.507	21.628	70.03	81.84	500.3	1801	123	101.1	-8.91	-0.0615	0.7	-0.22	2.74	1.00	0.00	0.16	111115
21	"10:28:23"	1791.5	0	22.1	0.254	1.4E+03	2.37	1	24.93	6	1.42	1	2.84	21.58	24.93	19.47	1600.04	1569.03	18.632	21.415	72.83	83.71	500.3	1800	149	101.1	-9.78	-0.0668	1.0	-0.22	2.74	1.00	0.00	0.16	111115
22	"10:30:23"	1912.0	0	21.7	0.255	1.6E+03	2.34	0.985	24.89	6	1.42	1	2.84	21.62	24.89	19.80	1799.80	1768.77	18.757	21.503	73.13	83.83	500.3	1801	148	101.1	-11.2	-0.0548	0.7	-0.22	2.74	1.00	0.00	0.16	111115
23	"10:32:27"	2035.5	0	14.5	0.243	273	2.26	0.994	24.92	6	1.42	1	2.84	21.71	24.92	20.00	398.59	380.22	18.826	21.476	72.99	83.26	500.3	1800	148	101.1	-1.29	-0.0651	1.0	-0.22	2.74	1.00	0.00	0.16	111115
