"OPEN 6.1.4"
"Wed Mar 13 2013 10:35:20"
<open><version>"6.1.4"</version></open>
<open><configfile>"/User/Configs/UserPrefs/LED 2x3 cm2.xml"</configfile></open>
<open><light><source>"6400-02 or -02B LED Source"</source><par_in>1 <sensor>"SI-3298"<cal>-0.95<actinity>1.00</actinity><transm>1.00</transm></cal></sensor><transm>1 </transm></par_in><par_out>1 <sensor>"Q46017"<cal>5.8 </cal></sensor></par_out></light></open>
<open><comps><file>"/User/Configs/Comps/StdComps_6.1"<header>""</header><extras></extras></file><energybal>no<f_parIn>1 </f_parIn><f_parOut>0 </f_parOut><alphaK>0.16</alphaK></energybal><bc_total>2.840<stomatal_ratio>1</stomatal_ratio><bc_oneside>1.420<type>2 </type><table>"/Sys/Lib/StdBLCTable"</table><area>6</area><slope>-0.219565 </slope><offset>2.73739 </offset><fan>5 </fan></bc_oneside></bc_total></comps></open>
<open><prompts><onlog>off</onlog><items>"Default (none)"</items></prompts></open>
<open><constants><oxygen>21 %</oxygen><bb_vapor>1.5 </bb_vapor><bb_oxy>0.9 </bb_oxy></constants></open>
<open><stability><items>"Std Stability"<items[1]><id>-2 </id><size>15 </size><pcv><onoff>0 </onoff><value>1 </value></pcv><std><onoff>0 </onoff><value>1 </value></std><slp><onoff>1 </onoff><value>1 </value></slp></items[1]><items[2]><id>-5 </id><size>15 </size><pcv><onoff>0 </onoff><value>1 </value></pcv><std><onoff>0 </onoff><value>1 </value></std><slp><onoff>1 </onoff><value>1 </value></slp></items[2]><items[3]><id>-7 </id><size>15 </size><pcv><onoff>0 </onoff><value>1 </value></pcv><std><onoff>0 </onoff><value>1 </value></std><slp><onoff>1 </onoff><value>1 </value></slp></items[3]></items></stability></open>
<open><log><format>"StdLogFmt_6.0"<items>{ -35  -21  -36  -76  30  23  36  21  25  221  -33  111  -34  11  -9  -10  -8  -1  -2  -4  -5  -14  -15  -7  -12  -13  -11  -65  -66  -72  -18  -19  -77  -78  -79  -23   }<hdr>{  }</hdr></items></format><options><beep>on</beep><hdr>normal</hdr><rem>normal</rem><stab>no</stab><stats>no<period>15 </period></stats><excel>yes</excel><comm>no</comm></options><datafile>"/User/130313-campany-aci-5-4"</datafile><button><action>"Normal Log"<code>" LogOneObsManual "</code></action></button><autoprog>"/User/Configs/AutoProgs/A-CiCurve"<active>no</active></autoprog></log></open>
<open><a2d><avgtime>4.0 secs</avgtime><userchans><ch20>"Off"</ch20><ch21>"Off"</ch21><ch22>"Off"</ch22><ch23>"Off"</ch23></userchans></a2d></open>
<open><matching><type>0 </type><disp>'a'</disp><settings><CO2Limit>10.0</CO2Limit><H2OLimit>1.0</H2OLimit><MaxAutoTime>60 </MaxAutoTime></settings></matching></open>
<li6400><factory><unit>"PSC-3354"</unit><serviced>"20 Oct 2011"</serviced><fuseaware>0 </fuseaware><co2mixer>yes</co2mixer><co2><coeffs>{ 0  0.215048  2.06829e-05  2.3171e-08  -4.35894e-12  4.12546e-16   }</coeffs><dvdt>-3.2 </dvdt><xs>{ 0.0008  0.0005   }</xs></co2><h2o><coeffs>{ 0  0.00593354  1.99542e-06  1.12867e-10   }</coeffs><dvdt>-1 </dvdt><xs>{ -0.0031  0.0018   }</xs></h2o><flow>{ 0  0.3834   }</flow><press>{ 86.924  0.00548   }</press></factory></li6400>
<li6400><user><flow_zero>-1322.4</flow_zero><irga_zero><co2>159.5 42.5<at>26.6987 </at></co2><h2o>81.5 42.5<at>26.6987 </at></h2o></irga_zero><irga_span><co2>{ 0.992095  0.99397   }</co2><h2o>{ 0.997148  1.01601   }</h2o></irga_span><irga_match><co2>{ 0.331856  -1.29384   }</co2><h2o>{ 0.00269402  -0.0651172   }</h2o></irga_match><co2_mixer><pump_mv>4700 </pump_mv><ppm>{ 2216.11  1070.09  424.393  258.247  117.69  68.1349  44.6201  41.3906   }</ppm><mv>{ 5000  3000  1500  1000  500  300  200  100   }</mv></co2_mixer><parin_offset>0 </parin_offset><led_cal><unit>"SI-3298"</unit><mv>{ 10  25  50  100  1000  2000  3000  4000  5000   }</mv><qntm>{ 3.13378  12.761  30.4089  72.0544  881.514  1748.68  2573.18  3368.03  4130.49   }</qntm></led_cal><lcf_cal><unit>"unknown"</unit><red><mv>{ 50  100  500  1000  1500  5000   }</mv><qntm>{ 50  100  500  1000  2000  5000   }</qntm></red><blue><mv>{ 100  200  500  1000  2000  5000   }</mv><qntm>{ 10  20  50  100  200  500   }</qntm></blue></lcf_cal></user></li6400>
"10:35:24 5-4"
$STARTOFDATA$
"Obs"	"HHMMSS"	"FTime"	"EBal?"	"Photo"	"Cond"	"Ci"	"Trmmol"	"VpdL"	"CTleaf"	"Area"	"BLC_1"	"StmRat"	"BLCond"	"Tair"	"Tleaf"	"TBlk"	"CO2R"	"CO2S"	"H2OR"	"H2OS"	"RH_R"	"RH_S"	"Flow"	"PARi"	"PARo"	"Press"	"CsMch"	"HsMch"	"StableF"	"BLCslope"	"BLCoffst"	"f_parin"	"f_parout"	"alphaK"	"Status"
1	"10:49:20"	849.0	0	13.1	0.371	313	3.84	1.15	24.99	6	1.42	1	2.84	23.45	24.99	21.65	400.04	382.54	15.502	20.019	54.07	69.82	500.3	1799	73	101.1	-1.34	-0.11	1.0	-0.22	2.74	1.00	0.00	0.16	111115
2	"10:49:38"	867.5	0	13.4	0.381	314	3.76	1.1	24.68	6	1.42	1	2.84	23.13	24.68	21.40	400.26	382.49	15.531	19.956	55.21	70.94	500.3	1800	72	101.1	-1.34	-0.11	1.0	-0.22	2.74	1.00	0.00	0.16	111115
3	"10:49:50"	879.5	0	13.4	0.379	313	3.74	1.1	24.66	6	1.42	1	2.84	23.10	24.66	21.65	400.21	382.37	15.543	19.935	55.35	70.99	500.3	1800	79	101.1	-1.34	-0.11	0.7	-0.22	2.74	1.00	0.00	0.16	111115
4	"10:50:01"	890.5	0	13.5	0.38	313	3.74	1.1	24.65	6	1.42	1	2.84	23.17	24.65	22.09	400.35	382.46	15.552	19.943	55.15	70.72	500.4	1800	80	101.1	-1.34	-0.11	1.0	-0.22	2.74	1.00	0.00	0.16	111115
5	"10:50:13"	902.0	0	13.4	0.379	314	3.73	1.1	24.65	6	1.42	1	2.84	23.26	24.65	22.21	400.38	382.63	15.564	19.945	54.91	70.37	500.3	1800	80	101.1	-1.34	-0.11	1.0	-0.22	2.74	1.00	0.00	0.16	111115
6	"10:50:24"	913.5	0	13.3	0.379	314	3.74	1.1	24.67	6	1.42	1	2.84	23.38	24.67	22.58	400.34	382.66	15.569	19.964	54.54	69.94	500.3	1800	80	101.1	-1.34	-0.11	1.0	-0.22	2.74	1.00	0.00	0.16	111115
7	"10:50:42"	931.5	0	13.3	0.373	313	3.72	1.11	24.73	6	1.42	1	2.84	23.45	24.73	22.53	400.47	382.77	15.586	19.959	54.38	69.63	500.3	1800	76	101.1	-1.34	-0.11	1.0	-0.22	2.74	1.00	0.00	0.16	111115
8	"10:50:55"	944.0	0	13.2	0.38	315	3.71	1.09	24.62	6	1.42	1	2.84	23.46	24.62	22.62	400.32	382.74	15.601	19.964	54.38	69.59	500.3	1800	81	101.1	-1.34	-0.11	1.0	-0.22	2.74	1.00	0.00	0.16	111115
9	"10:51:25"	974.0	0	13.2	0.371	314	3.74	1.12	24.82	6	1.42	1	2.84	23.69	24.82	22.92	400.44	382.94	15.624	20.021	53.69	68.80	500.3	1799	83	101.1	-1.34	-0.11	1.0	-0.22	2.74	1.00	0.00	0.16	111115
10	"10:51:37"	986.0	0	13.1	0.372	314	3.75	1.12	24.82	6	1.42	1	2.84	23.72	24.82	23.01	400.29	382.86	15.633	20.038	53.66	68.78	500.4	1799	82	101.1	-1.34	-0.11	1.0	-0.22	2.74	1.00	0.00	0.16	111115
"10:51:45 Launched AutoProg /User/Configs/AutoProgs/A-CiCurve"
11	"10:53:29"	1097.5	0	13.9	0.375	310	3.75	1.11	24.84	6	1.42	1	2.84	23.30	24.84	21.50	400.41	382.06	15.740	20.141	55.40	70.90	500.3	1801	98	101.1	-1.55	-0.113	0.7	-0.22	2.74	1.00	0.00	0.16	111115
12	"10:54:59"	1188.0	0	-0.374	0.381	51.4	3.76	1.1	24.83	6	1.42	1	2.84	23.42	24.83	22.34	50.29	50.51	15.824	20.245	55.28	70.72	500.4	1800	103	101	-0.896	-0.0989	1.0	-0.22	2.74	1.00	0.00	0.16	111115
13	"10:56:29"	1278.0	0	1.92	0.39	86.8	3.82	1.1	24.90	6	1.42	1	2.84	23.57	24.90	22.52	99.94	97.19	15.920	20.412	55.12	70.67	500.3	1801	105	101	-0.814	-0.113	1.0	-0.22	2.74	1.00	0.00	0.16	111115
14	"10:57:59"	1367.5	0	4.24	0.4	123	3.89	1.09	24.94	6	1.42	1	2.84	23.60	24.94	22.52	149.79	144.04	16.003	20.567	55.30	71.07	500.3	1800	108	101	-0.737	-0.108	1.0	-0.22	2.74	1.00	0.00	0.16	111115
15	"10:59:29"	1458.0	0	7.89	0.409	181	3.94	1.08	24.98	6	1.42	1	2.84	23.63	24.98	22.52	230.13	219.63	16.087	20.713	55.51	71.47	500.3	1800	112	101	-0.784	-0.117	1.0	-0.22	2.74	1.00	0.00	0.16	111115
16	"11:01:05"	1553.5	0	11.7	0.422	258	3.97	1.06	24.96	6	1.42	1	2.84	23.61	24.96	22.52	328.99	313.42	16.194	20.856	55.93	72.04	500.3	1801	116	101	-1.05	-0.105	1.0	-0.22	2.74	1.00	0.00	0.16	111115
17	"11:02:35"	1644.0	0	13.9	0.43	317	4.04	1.06	25.04	6	1.42	1	2.84	23.63	25.04	22.53	399.78	381.18	16.247	21.000	56.03	72.42	499.4	1799	119	101	-1.46	-0.109	0.7	-0.22	2.74	1.00	0.00	0.16	111115
18	"11:04:35"	1764.0	0	16.5	0.453	551	4.14	1.04	25.02	6	1.42	1	2.84	23.65	25.02	22.51	649.39	626.51	16.342	21.200	56.29	73.02	500.3	1800	124	101	-2.58	-0.104	0.7	-0.22	2.74	1.00	0.00	0.16	111115
19	"11:06:23"	1871.5	0	17	0.457	1.09E+03	4.13	1.03	25.02	6	1.42	1	2.84	23.64	25.02	22.51	1198.68	1172.46	16.481	21.323	56.82	73.51	500.3	1800	126	101	-6.2	-0.0945	0.7	-0.22	2.74	1.00	0.00	0.16	111115
20	"11:08:16"	1985.0	0	17.9	0.442	1.37E+03	4.05	1.04	25.11	6	1.42	1	2.84	23.68	25.11	22.52	1499.40	1470.76	16.617	21.367	57.14	73.48	500.3	1800	131	101	-8.58	-0.096	1.0	-0.22	2.74	1.00	0.00	0.16	111115
21	"11:09:46"	2074.5	0	18.5	0.424	1.47E+03	3.96	1.05	25.18	6	1.42	1	2.84	23.72	25.18	22.52	1601.08	1571.41	16.742	21.384	57.44	73.37	500.3	1799	134	101	-9.64	-0.0894	1.0	-0.22	2.74	1.00	0.00	0.16	111115
22	"11:11:54"	2203.0	0	18.8	0.42	1.66E+03	3.91	1.05	25.12	6	1.42	1	2.84	23.42	25.12	21.92	1799.15	1768.26	16.692	21.286	58.31	74.36	500.3	1801	136	101	-11.1	-0.0697	1.0	-0.22	2.74	1.00	0.00	0.16	111115
23	"11:14:29"	2357.5	0	13	0.401	317	3.91	1.09	25.03	6	1.42	1	2.84	23.38	25.03	21.92	398.41	381.06	16.127	20.713	56.47	72.53	500.3	1802	142	101	-1.27	-0.0846	1.0	-0.22	2.74	1.00	0.00	0.16	111115
"11:14:42 5-4"
