"OPEN 6.1.4"
"Wed Mar 13 2013 11:02:59"
<open><version>"6.1.4"</version></open>
<open><configfile>"/User/Configs/UserPrefs/LED 2x3.xml"</configfile></open>
<open><light><source>"6400-02 or -02B LED Source"</source><par_in>1 <sensor>"SI-3299"<cal>-0.91<actinity>1.00</actinity><transm>1.00</transm></cal></sensor><transm>1 </transm></par_in><par_out>1 <sensor>"Q46018"<cal>6.4 </cal></sensor></par_out></light></open>
<open><comps><file>"/User/Configs/Comps/StdComps_6.1"<header>""</header><extras></extras></file><energybal>no<f_parIn>1 </f_parIn><f_parOut>0 </f_parOut><alphaK>0.16</alphaK></energybal><bc_total>2.840<stomatal_ratio>1</stomatal_ratio><bc_oneside>1.420<type>2 </type><table>"/Sys/Lib/StdBLCTable"</table><area>6</area><slope>-0.219565 </slope><offset>2.73739 </offset><fan>5 </fan></bc_oneside></bc_total></comps></open>
<open><prompts><onlog>off</onlog><items>"Default (none)"</items></prompts></open>
<open><constants><oxygen>21 %</oxygen><bb_vapor>1.5 </bb_vapor><bb_oxy>0.9 </bb_oxy></constants></open>
<open><stability><items>"Std Stability"<items[1]><id>-2 </id><size>15 </size><pcv><onoff>0 </onoff><value>1 </value></pcv><std><onoff>0 </onoff><value>1 </value></std><slp><onoff>1 </onoff><value>1 </value></slp></items[1]><items[2]><id>-5 </id><size>15 </size><pcv><onoff>0 </onoff><value>1 </value></pcv><std><onoff>0 </onoff><value>1 </value></std><slp><onoff>1 </onoff><value>1 </value></slp></items[2]><items[3]><id>-7 </id><size>15 </size><pcv><onoff>0 </onoff><value>1 </value></pcv><std><onoff>0 </onoff><value>1 </value></std><slp><onoff>1 </onoff><value>1 </value></slp></items[3]></items></stability></open>
<open><log><format>"StdLogFmt_6.0"<items>{ -35  -21  -36  -76  30  23  36  21  25  221  -33  111  -34  11  -9  -10  -8  -1  -2  -4  -5  -14  -15  -7  -12  -13  -11  -65  -66  -72  -18  -19  -77  -78  -79  -23   }<hdr>{  }</hdr></items></format><options><beep>on</beep><hdr>normal</hdr><rem>normal</rem><stab>no</stab><stats>no<period>15 </period></stats><excel>yes</excel><comm>no</comm></options><datafile>"/User/130313-campany-aci-3-3"</datafile><button><action>"Normal Log"<code>" LogOneObsManual "</code></action></button><autoprog>"/User/Configs/AutoProgs/A-CiCurve"<active>no</active></autoprog></log></open>
<open><a2d><avgtime>4.0 secs</avgtime><userchans><ch20>"Off"</ch20><ch21>"Off"</ch21><ch22>"Off"</ch22><ch23>"Off"</ch23></userchans></a2d></open>
<open><matching><type>0 </type><disp>'a'</disp><settings><CO2Limit>10.0</CO2Limit><H2OLimit>1.0</H2OLimit><MaxAutoTime>60 </MaxAutoTime></settings></matching></open>
<li6400><factory><unit>"PSC-3355"</unit><serviced>"20 Oct 2011"</serviced><fuseaware>0 </fuseaware><co2mixer>yes</co2mixer><co2><coeffs>{ 0  0.207491  2.96028e-05  1.59253e-08  -2.22384e-12  2.11003e-16   }</coeffs><dvdt>-3.5 </dvdt><xs>{ 0.001  0.0003   }</xs></co2><h2o><coeffs>{ 0  0.00601295  2.02182e-06  9.90595e-11   }</coeffs><dvdt>-1.1 </dvdt><xs>{ -0.0045  0.0037   }</xs></h2o><flow>{ 0  0.3703   }</flow><press>{ 86.915  0.00548   }</press></factory></li6400>
<li6400><user><flow_zero>-503.9</flow_zero><irga_zero><co2>159.3 42.3<at>26.2505 </at></co2><h2o>120.3 198.3<at>26.2505 </at></h2o></irga_zero><irga_span><co2>{ 0.991143  0.995561   }</co2><h2o>{ 0.991456  1.0123   }</h2o></irga_span><irga_match><co2>{ 0.559219  5.77038   }</co2><h2o>{ 0.0322079  0.0835505   }</h2o></irga_match><co2_mixer><pump_mv>4500 </pump_mv><ppm>{ 2402.63  1157.62  457.958  276.962  124.443  70.9742  45.6574  42.289   }</ppm><mv>{ 5000  3000  1500  1000  500  300  200  100   }</mv></co2_mixer><parin_offset>0 </parin_offset><led_cal><unit>"SI-3299"</unit><mv>{ 10  25  50  100  1000  2000  3000  4000  5000   }</mv><qntm>{ 3.27788  13.4429  31.6589  72.3062  889.43  1762.69  2593.51  3397.19  4167.12   }</qntm></led_cal><lcf_cal><unit>"unknown"</unit><red><mv>{ 50  100  500  1000  1500  5000   }</mv><qntm>{ 50  100  500  1000  2000  5000   }</qntm></red><blue><mv>{ 100  200  500  1000  2000  5000   }</mv><qntm>{ 10  20  50  100  200  500   }</qntm></blue></lcf_cal></user></li6400>
"11:03:03 3-3"
$STARTOFDATA$
"Obs"	"HHMMSS"	"FTime"	"EBal?"	"Photo"	"Cond"	"Ci"	"Trmmol"	"VpdL"	"CTleaf"	"Area"	"BLC_1"	"StmRat"	"BLCond"	"Tair"	"Tleaf"	"TBlk"	"CO2R"	"CO2S"	"H2OR"	"H2OS"	"RH_R"	"RH_S"	"Flow"	"PARi"	"PARo"	"Press"	"CsMch"	"HsMch"	"StableF"	"BLCslope"	"BLCoffst"	"f_parin"	"f_parout"	"alphaK"	"Status"
1	"11:12:56"	611.5	0	12.3	0.21	276	2.9	1.46	25.24	6	1.42	1	2.84	21.18	25.24	19.36	399.74	383.63	14.033	17.457	56.18	69.88	499.7	1800	1616	101	6.4	0.0945	1.0	-0.22	2.74	1.00	0.00	0.16	111115
2	"11:13:07"	623.0	0	12.2	0.209	276	2.89	1.46	25.26	6	1.42	1	2.84	21.14	25.26	19.33	399.68	383.66	14.063	17.473	56.42	70.10	499.6	1800	1615	101	6.4	0.0945	1.0	-0.22	2.74	1.00	0.00	0.16	111115
3	"11:13:18"	634.0	0	12.3	0.209	276	2.89	1.46	25.26	6	1.42	1	2.84	21.14	25.26	19.34	399.70	383.59	14.090	17.495	56.55	70.21	499.6	1799	1613	101	6.4	0.0945	1.0	-0.22	2.74	1.00	0.00	0.16	111115
4	"11:13:29"	645.0	0	12.3	0.208	275	2.88	1.46	25.27	6	1.42	1	2.84	21.13	25.27	19.29	399.65	383.52	14.116	17.510	56.70	70.33	499.6	1800	1612	101	6.4	0.0945	1.0	-0.22	2.74	1.00	0.00	0.16	111115
5	"11:13:40"	655.5	0	12.3	0.207	275	2.86	1.46	25.26	6	1.42	1	2.84	21.10	25.26	19.24	399.68	383.62	14.145	17.518	56.90	70.47	499.6	1800	1614	101	6.4	0.0945	1.0	-0.22	2.74	1.00	0.00	0.16	111115
6	"11:13:52"	668.0	0	12.3	0.206	275	2.84	1.45	25.24	6	1.42	1	2.84	21.06	25.24	19.21	399.70	383.65	14.177	17.524	57.17	70.67	499.6	1800	1614	101	6.4	0.0945	1.0	-0.22	2.74	1.00	0.00	0.16	111115
7	"11:14:04"	680.0	0	12.5	0.205	273	2.82	1.45	25.23	6	1.42	1	2.84	21.04	25.23	19.18	399.83	383.57	14.208	17.534	57.38	70.81	499.6	1800	1613	101	6.4	0.0945	1.0	-0.22	2.74	1.00	0.00	0.16	111115
8	"11:14:15"	691.0	0	12.4	0.205	273	2.81	1.45	25.21	6	1.42	1	2.84	21.01	25.21	19.15	399.84	383.68	14.238	17.550	57.60	71.00	499.7	1800	1616	101	6.4	0.0945	1.0	-0.22	2.74	1.00	0.00	0.16	111115
9	"11:14:27"	703.0	0	12.3	0.205	274	2.79	1.44	25.20	6	1.42	1	2.84	20.99	25.20	19.14	399.73	383.62	14.269	17.564	57.79	71.13	499.7	1799	1614	101	6.4	0.0945	1.0	-0.22	2.74	1.00	0.00	0.16	111115
10	"11:14:39"	715.0	0	12.3	0.204	273	2.79	1.45	25.23	6	1.42	1	2.84	20.99	25.23	19.14	399.76	383.66	14.300	17.591	57.92	71.24	499.6	1800	1611	101	6.4	0.0945	1.0	-0.22	2.74	1.00	0.00	0.16	111115
"11:14:43 Launched AutoProg /User/Configs/AutoProgs/A-CiCurve"
11	"11:16:17"	812.5	0	12.4	0.2	270	3	1.58	26.17	6	1.42	1	2.84	22.71	26.17	21.00	399.60	383.38	14.579	18.112	53.17	66.05	499.6	1801	1613	101	6.11	0.0477	1.0	-0.22	2.74	1.00	0.00	0.16	111115
12	"11:17:58"	913.0	0	-0.299	0.201	51	2.93	1.54	26.08	6	1.42	1	2.84	22.00	26.08	20.18	49.59	49.78	14.904	18.360	56.74	69.89	499.6	1799	1607	101	4.17	0.0707	1.0	-0.22	2.74	1.00	0.00	0.16	111115
13	"11:19:28"	1003.5	0	1.77	0.209	80.5	2.92	1.48	25.90	6	1.42	1	2.84	21.68	25.90	19.81	99.53	97.07	15.174	18.610	58.91	72.25	499.6	1799	1608	101	4.74	0.0862	1.0	-0.22	2.74	1.00	0.00	0.16	111115
14	"11:20:58"	1093.5	0	3.76	0.217	112	2.9	1.42	25.75	6	1.42	1	2.84	21.44	25.75	19.57	149.93	144.90	15.459	18.878	60.89	74.36	499.6	1800	1606	101	5.3	0.101	1.0	-0.22	2.74	1.00	0.00	0.16	111115
15	"11:22:28"	1183.5	0	6.74	0.227	165	2.91	1.36	25.63	6	1.42	1	2.84	21.34	25.63	19.47	228.83	219.97	15.768	19.197	62.49	76.08	499.6	1799	1606	101	5.89	0.116	1.0	-0.22	2.74	1.00	0.00	0.16	111115
16	"11:23:58"	1273.0	0	10.3	0.235	237	2.9	1.32	25.54	6	1.42	1	2.84	21.24	25.54	19.35	330.78	317.36	16.068	19.489	64.08	77.73	499.6	1800	1598	101	6.38	0.129	1.0	-0.22	2.74	1.00	0.00	0.16	111115
17	"11:25:28"	1363.0	0	12.3	0.242	290	2.91	1.28	25.54	6	1.42	1	2.84	21.25	25.54	19.37	400.02	383.94	16.387	19.810	65.33	78.98	499.6	1800	1596	101	6.7	0.141	1.0	-0.22	2.74	1.00	0.00	0.16	111115
18	"11:27:44"	1499.5	0	15.7	0.247	509	2.84	1.23	25.51	6	1.42	1	2.84	21.23	25.51	19.36	650.45	629.50	16.906	20.251	67.46	80.80	499.7	1801	1592	101	6.66	0.167	1.0	-0.22	2.74	1.00	0.00	0.16	111115
19	"11:30:14"	1649.0	0	16.6	0.233	1.03E+03	2.66	1.21	25.58	6	1.42	1	2.84	21.24	25.58	19.37	1200.74	1177.05	17.474	20.598	69.69	82.14	499.6	1801	1582	101	3.31	0.199	0.7	-0.22	2.74	1.00	0.00	0.16	111115
20	"11:32:12"	1767.5	0	17.8	0.218	1.31E+03	2.48	1.2	25.63	6	1.42	1	2.84	21.27	25.63	19.39	1499.84	1474.05	17.888	20.801	71.21	82.81	499.6	1800	1576	101	0.167	0.217	1.0	-0.22	2.74	1.00	0.00	0.16	111115
21	"11:34:06"	1881.0	0	18	0.203	1.4E+03	2.3	1.19	25.67	6	1.42	1	2.84	21.26	25.67	19.40	1600.36	1574.44	18.272	20.972	72.78	83.53	499.6	1799	1575	101	-0.81	0.244	1.0	-0.22	2.74	1.00	0.00	0.16	111115
22	"11:35:43"	1978.5	0	18.6	0.19	1.58E+03	2.19	1.21	25.84	6	1.42	1	2.84	21.39	25.84	19.51	1801.37	1774.43	18.600	21.169	73.50	83.65	499.6	1800	1571	101	-3.66	0.249	1.0	-0.22	2.74	1.00	0.00	0.16	111115
"11:37:35 Warning! Large Deltas in match: CO2=-10.6, H2O=0.01"
23	"11:37:53"	2108.0	0	10.6	0.17	274	1.94	1.19	25.87	6	1.42	1	2.84	21.41	25.87	19.54	399.23	385.55	19.046	21.332	75.13	84.15	499.7	1802	1562	101	6.96	0.238	0.7	-0.22	2.74	1.00	0.00	0.16	111115
