"OPEN 6.1.4"
"Wed Mar  6 2013 08:02:11"
<open><version>"6.1.4"</version></open>
<open><configfile>"/User/Configs/UserPrefs/2x3 Opaque LED"</configfile></open>
<open><light><source>"6400-02B RedBlue #SI-2244"</source><par_in>1 <sensor>"SI-2244"<cal>-0.83<actinity>1.00</actinity><transm>1.00</transm></cal></sensor><transm>1 </transm></par_in><par_out>1 <sensor>"Q38572"<cal>6.2 </cal></sensor></par_out></light></open>
<open><comps><file>"/User/Configs/Comps/StdComps_6.0"<header>""</header><extras></extras></file><energybal>no<f_parIn>1 </f_parIn><f_parOut>0 </f_parOut><alphaK>0.16</alphaK></energybal><bc_total>1.420<stomatal_ratio>0</stomatal_ratio><bc_oneside>1.420<type>2 </type><table>"/Sys/Lib/StdBLCTable"</table><area>6</area><slope>-0.219565 </slope><offset>2.73739 </offset><fan>5 </fan></bc_oneside></bc_total></comps></open>
<open><prompts><onlog>off</onlog><items>"Default (none)"</items></prompts></open>
<open><constants><oxygen>21 %</oxygen><bb_vapor>1.5 </bb_vapor><bb_oxy>0.9 </bb_oxy></constants></open>
<open><stability><items>"Std Stability"<items[1]><id>-2 </id><size>15 </size><pcv><onoff>0 </onoff><value>1 </value></pcv><std><onoff>0 </onoff><value>1 </value></std><slp><onoff>1 </onoff><value>1 </value></slp></items[1]><items[2]><id>-5 </id><size>15 </size><pcv><onoff>0 </onoff><value>1 </value></pcv><std><onoff>0 </onoff><value>1 </value></std><slp><onoff>1 </onoff><value>1 </value></slp></items[2]><items[3]><id>-7 </id><size>15 </size><pcv><onoff>0 </onoff><value>1 </value></pcv><std><onoff>0 </onoff><value>1 </value></std><slp><onoff>1 </onoff><value>1 </value></slp></items[3]></items></stability></open>
<open><log><format>"StdLogFmt_6.0"<items>{ -35  -21  -36  -76  30  23  36  21  25  221  -33  111  -34  11  -9  -10  -8  -1  -2  -4  -5  -14  -15  -7  -12  -13  -11  -65  -66  -72  -18  -19  -77  -78  -79  -23   }<hdr>{  }</hdr></items></format><options><beep>on</beep><hdr>normal</hdr><rem>normal</rem><stab>no</stab><stats>no<period>15 </period></stats><excel>yes</excel><comm>no</comm></options><datafile>"/User/060313-campany-epot"</datafile><button><action>"Normal Log"<code>" LogOneObsManual "</code></action></button><autoprog>"/User/Configs/AutoProgs/AutoLog"<active>no</active></autoprog></log></open>
<open><a2d><avgtime>4.0 secs</avgtime><userchans><ch20>"Off"</ch20><ch21>"Off"</ch21><ch22>"Off"</ch22><ch23>"Off"</ch23></userchans></a2d></open>
<open><matching><type>0 </type><disp>'a'</disp><settings><CO2Limit>10.0</CO2Limit><H2OLimit>1.0</H2OLimit><MaxAutoTime>60 </MaxAutoTime></settings></matching></open>
<li6400><factory><unit>"PSC-2186"</unit><serviced>"22 Mar 2011"</serviced><fuseaware>0 </fuseaware><co2mixer>yes</co2mixer><co2><coeffs>{ 0  0.202759  4.13614e-05  6.49147e-09  6.14164e-13  -7.19105e-17   }</coeffs><dvdt>-3.2 </dvdt><xs>{ 0.0003  -0.0002   }</xs></co2><h2o><coeffs>{ 0  0.00581171  1.99305e-06  8.01319e-11   }</coeffs><dvdt>-2.6 </dvdt><xs>{ -0.001  -0.0005   }</xs></h2o><flow>{ 0  0.3745   }</flow><press>{ 90.172  0.00549   }</press></factory></li6400>
<li6400><user><flow_zero>-780.3</flow_zero><irga_zero><co2>195.2 39.1<at>30.6962 </at></co2><h2o>156.2 195.2<at>30.4364 </at></h2o></irga_zero><irga_span><co2>{ 0.991945  0.994307   }</co2><h2o>{ 0.998466  1.00236   }</h2o></irga_span><irga_match><co2>{ 0.883778  -5.02338   }</co2><h2o>{ 0.0740419  0.0315674   }</h2o></irga_match><co2_mixer><pump_mv>4500 </pump_mv><ppm>{ 2172.01  1027.31  408.099  249.686  115.019  68.0011  45.9217  42.8766   }</ppm><mv>{ 5000  3000  1500  1000  500  300  200  100   }</mv></co2_mixer><parin_offset>0 </parin_offset><led_cal><unit>"unknown"</unit><mv>{ 50  100  1000  3000  5000   }</mv><qntm>{ 3  45  555  1500  2500   }</qntm></led_cal><lcf_cal><unit>"LCF-0943"</unit><red><mv>{ 50  100  200  400  800  1500   }</mv><qntm>{ 65.7197  139.292  299.14  633.862  1320.31  2504.54   }</qntm></red><blue><mv>{ 100  500  1000  2000  3000  4000  5000   }</mv><qntm>{ 9.91732  41.5737  77.5154  137.78  192.428  241.22  281.732   }</qntm></blue></lcf_cal></user></li6400>
"08:02:22 plot7-1"
$STARTOFDATA$
"Obs"	"HHMMSS"	"FTime"	"EBal?"	"Photo"	"Cond"	"Ci"	"Trmmol"	"VpdL"	"CTleaf"	"Area"	"BLC_1"	"StmRat"	"BLCond"	"Tair"	"Tleaf"	"TBlk"	"CO2R"	"CO2S"	"H2OR"	"H2OS"	"RH_R"	"RH_S"	"Flow"	"PARi"	"PARo"	"Press"	"CsMch"	"HsMch"	"StableF"	"BLCslope"	"BLCoffst"	"f_parin"	"f_parout"	"alphaK"	"Status"
1	"08:09:07"	446.0	0	15.9	0.488	306	4.48	1.22	25.03	6	1.42	0	1.42	24.13	25.03	24.03	401.46	380.31	13.990	19.270	47.16	64.96	499.7	1799	199	101.7	0.817	0.0422	0.7	-0.22	2.74	1.00	0.00	0.16	111115
2	"08:09:08"	447.0	0	15.8	0.488	307	4.48	1.22	25.02	6	1.42	0	1.42	24.13	25.02	24.03	401.33	380.28	13.991	19.270	47.16	64.96	499.7	1799	199	101.7	0.817	0.0422	0.7	-0.22	2.74	1.00	0.00	0.16	111115
3	"08:09:09"	448.5	0	15.7	0.489	307	4.48	1.22	25.01	6	1.42	0	1.42	24.13	25.01	24.03	401.02	380.19	13.990	19.268	47.16	64.95	499.7	1799	199	101.7	0.817	0.0422	1.0	-0.22	2.74	1.00	0.00	0.16	111115
4	"08:09:10"	449.5	0	15.6	0.489	308	4.48	1.22	25.01	6	1.42	0	1.42	24.13	25.01	24.03	400.80	380.08	13.991	19.269	47.16	64.95	499.8	1799	199	101.7	0.817	0.0422	1.0	-0.22	2.74	1.00	0.00	0.16	111115
5	"08:09:12"	450.5	0	15.5	0.489	308	4.48	1.22	25.01	6	1.42	0	1.42	24.13	25.01	24.03	400.60	379.97	13.992	19.270	47.17	64.96	499.8	1799	199	101.7	0.817	0.0422	1.0	-0.22	2.74	1.00	0.00	0.16	111115
6	"08:12:51"	670.0	0	21.3	0.429	1.44E+03	4.2	1.27	25.09	6	1.42	0	1.42	24.09	25.09	24.03	1600.76	1567.21	14.031	18.982	47.40	64.12	499.7	1799	205	101.7	-7.9	0.0124	0.7	-0.22	2.74	1.00	0.00	0.16	111115
7	"08:12:52"	671.0	0	21.5	0.427	1.44E+03	4.19	1.27	25.09	6	1.42	0	1.42	24.09	25.09	24.04	1600.93	1567.26	14.033	18.974	47.41	64.10	499.7	1799	205	101.7	-7.9	0.0124	0.7	-0.22	2.74	1.00	0.00	0.16	111115
8	"08:12:53"	672.0	0	21.5	0.425	1.44E+03	4.19	1.27	25.09	6	1.42	0	1.42	24.09	25.09	24.03	1600.99	1567.35	14.035	18.965	47.41	64.07	499.7	1799	204	101.7	-7.9	0.0124	0.7	-0.22	2.74	1.00	0.00	0.16	111115
9	"08:12:54"	673.0	0	21.3	0.424	1.44E+03	4.18	1.27	25.10	6	1.42	0	1.42	24.09	25.10	24.03	1600.92	1567.46	14.036	18.958	47.42	64.04	499.7	1799	204	101.7	-7.9	0.0124	0.7	-0.22	2.74	1.00	0.00	0.16	111115
10	"08:12:55"	674.0	0	21.2	0.422	1.44E+03	4.17	1.27	25.10	6	1.42	0	1.42	24.09	25.10	24.03	1600.83	1567.47	14.036	18.948	47.42	64.01	499.7	1799	204	101.7	-7.9	0.0124	0.7	-0.22	2.74	1.00	0.00	0.16	111115
"08:13:08 plot7-2"
11	"08:17:07"	926.5	0	21.7	0.512	276	4.59	1.21	25.10	6	1.42	0	1.42	24.12	25.10	24.03	399.35	371.21	14.126	19.535	47.63	65.87	499.7	1799	135	101.7	1.73	0.018	0.7	-0.22	2.74	1.00	0.00	0.16	111115
12	"08:17:08"	927.5	0	21.8	0.512	276	4.59	1.21	25.09	6	1.42	0	1.42	24.12	25.09	24.03	399.38	371.20	14.126	19.534	47.63	65.86	499.7	1799	135	101.7	1.73	0.018	0.7	-0.22	2.74	1.00	0.00	0.16	111115
13	"08:17:09"	928.5	0	21.8	0.512	276	4.59	1.21	25.09	6	1.42	0	1.42	24.12	25.09	24.03	399.41	371.20	14.126	19.534	47.63	65.86	499.7	1799	134	101.7	1.73	0.018	0.7	-0.22	2.74	1.00	0.00	0.16	111115
14	"08:17:10"	929.5	0	21.9	0.512	276	4.59	1.21	25.10	6	1.42	0	1.42	24.13	25.10	24.03	399.53	371.19	14.127	19.534	47.63	65.86	499.7	1799	134	101.7	1.73	0.018	0.7	-0.22	2.74	1.00	0.00	0.16	111115
15	"08:17:11"	930.5	0	22	0.512	275	4.59	1.21	25.10	6	1.42	0	1.42	24.13	25.10	24.03	399.66	371.24	14.128	19.535	47.63	65.86	499.7	1799	134	101.7	1.73	0.018	0.7	-0.22	2.74	1.00	0.00	0.16	111115
16	"08:21:14"	1173.0	0	34.5	0.398	1.35E+03	3.97	1.27	25.35	6	1.42	0	1.42	24.16	25.35	24.03	1600.03	1551.19	14.798	19.467	49.80	65.52	499.7	1799	133	101.7	-7.27	0.0124	1.0	-0.22	2.74	1.00	0.00	0.16	111115
17	"08:21:14"	1174.0	0	34.5	0.397	1.35E+03	3.96	1.27	25.35	6	1.42	0	1.42	24.16	25.35	24.03	1599.99	1551.18	14.799	19.464	49.80	65.50	499.7	1799	133	101.7	-7.27	0.0124	1.0	-0.22	2.74	1.00	0.00	0.16	111115
18	"08:21:15"	1174.5	0	34.5	0.397	1.35E+03	3.96	1.27	25.34	6	1.42	0	1.42	24.16	25.34	24.03	1600.02	1551.21	14.800	19.462	49.81	65.50	499.7	1799	133	101.7	-7.27	0.0124	1.0	-0.22	2.74	1.00	0.00	0.16	111115
19	"08:21:16"	1175.5	0	34.6	0.396	1.35E+03	3.96	1.27	25.34	6	1.42	0	1.42	24.16	25.34	24.03	1599.98	1551.10	14.800	19.459	49.81	65.49	499.8	1799	133	101.7	-7.27	0.0124	1.0	-0.22	2.74	1.00	0.00	0.16	111115
20	"08:21:17"	1176.5	0	34.6	0.395	1.35E+03	3.95	1.27	25.35	6	1.42	0	1.42	24.16	25.35	24.03	1599.99	1551.13	14.801	19.455	49.81	65.47	499.8	1799	133	101.7	-7.27	0.0124	1.0	-0.22	2.74	1.00	0.00	0.16	111115
"08:21:26 plot7-3"
"08:25:19 plot7-4(not7-3)"
21	"08:25:48"	1447.5	0	15.7	0.417	297	4.02	1.24	25.34	6	1.42	0	1.42	24.16	25.34	24.03	399.03	378.38	14.992	19.725	50.46	66.38	499.7	1800	348	101.7	1.59	0.00871	0.7	-0.22	2.74	1.00	0.00	0.16	111115
22	"08:25:49"	1448.5	0	15.6	0.417	297	4.02	1.24	25.34	6	1.42	0	1.42	24.16	25.34	24.03	398.93	378.35	14.994	19.727	50.46	66.39	499.7	1800	348	101.7	1.59	0.00871	0.7	-0.22	2.74	1.00	0.00	0.16	111115
23	"08:25:50"	1449.5	0	15.7	0.417	296	4.02	1.24	25.34	6	1.42	0	1.42	24.16	25.34	24.03	398.99	378.28	14.994	19.729	50.46	66.39	499.8	1800	348	101.7	1.59	0.00871	0.7	-0.22	2.74	1.00	0.00	0.16	111115
24	"08:25:51"	1450.5	0	15.9	0.417	296	4.02	1.24	25.34	6	1.42	0	1.42	24.16	25.34	24.03	399.12	378.25	14.995	19.729	50.46	66.39	499.7	1800	348	101.7	1.59	0.00871	0.7	-0.22	2.74	1.00	0.00	0.16	111115
25	"08:25:52"	1451.5	0	16	0.417	295	4.02	1.24	25.34	6	1.42	0	1.42	24.16	25.34	24.03	399.29	378.23	14.996	19.729	50.46	66.39	499.7	1800	348	101.7	1.59	0.00871	0.7	-0.22	2.74	1.00	0.00	0.16	111115
26	"08:29:53"	1691.5	0	25.2	0.403	1.41E+03	3.95	1.25	25.41	6	1.42	0	1.42	24.16	25.41	24.03	1600.10	1562.38	15.091	19.745	50.77	66.42	499.7	1799	387	101.7	-8.06	0.0104	1.0	-0.22	2.74	1.00	0.00	0.16	111115
27	"08:29:54"	1692.5	0	25.4	0.402	1.41E+03	3.95	1.25	25.41	6	1.42	0	1.42	24.16	25.41	24.03	1600.23	1562.32	15.092	19.744	50.77	66.42	499.7	1799	387	101.7	-8.06	0.0104	0.7	-0.22	2.74	1.00	0.00	0.16	111115
28	"08:29:55"	1693.5	0	25.5	0.402	1.41E+03	3.95	1.25	25.41	6	1.42	0	1.42	24.16	25.41	24.03	1600.33	1562.29	15.092	19.742	50.77	66.42	499.7	1799	388	101.7	-8.06	0.0104	0.7	-0.22	2.74	1.00	0.00	0.16	111115
29	"08:29:56"	1694.5	0	25.5	0.401	1.41E+03	3.95	1.25	25.41	6	1.42	0	1.42	24.16	25.41	24.03	1600.38	1562.30	15.093	19.738	50.78	66.40	499.7	1799	388	101.7	-8.06	0.0104	0.7	-0.22	2.74	1.00	0.00	0.16	111115
30	"08:29:57"	1696.0	0	25.5	0.401	1.41E+03	3.94	1.25	25.40	6	1.42	0	1.42	24.16	25.40	24.03	1600.36	1562.37	15.095	19.736	50.78	66.40	499.7	1799	389	101.7	-8.06	0.0104	0.7	-0.22	2.74	1.00	0.00	0.16	111115
"08:32:24 plot7-6"
31	"08:33:31"	1910.5	0	12.6	0.291	293	3.31	1.36	25.69	6	1.42	0	1.42	24.24	25.69	24.03	399.00	382.31	15.298	19.200	51.21	64.28	499.8	1799	452	101.7	1.56	0.0137	1.0	-0.22	2.74	1.00	0.00	0.16	111115
32	"08:33:32"	1911.0	0	12.7	0.292	293	3.32	1.36	25.69	6	1.42	0	1.42	24.25	25.69	24.03	399.05	382.32	15.297	19.202	51.21	64.28	499.7	1799	452	101.7	1.56	0.0137	1.0	-0.22	2.74	1.00	0.00	0.16	111115
33	"08:33:33"	1912.0	0	12.7	0.292	293	3.32	1.36	25.69	6	1.42	0	1.42	24.25	25.69	24.03	399.10	382.31	15.297	19.204	51.21	64.29	499.8	1799	452	101.7	1.56	0.0137	0.7	-0.22	2.74	1.00	0.00	0.16	111115
34	"08:33:34"	1913.0	0	12.8	0.292	293	3.32	1.36	25.69	6	1.42	0	1.42	24.25	25.69	24.03	399.19	382.31	15.298	19.206	51.21	64.29	499.7	1799	452	101.7	1.56	0.0137	0.7	-0.22	2.74	1.00	0.00	0.16	111115
35	"08:33:35"	1913.5	0	12.8	0.292	293	3.32	1.36	25.69	6	1.42	0	1.42	24.25	25.69	24.03	399.23	382.32	15.298	19.206	51.21	64.29	499.7	1799	452	101.7	1.56	0.0137	0.7	-0.22	2.74	1.00	0.00	0.16	111115
36	"08:37:32"	2151.0	0	20.7	0.17	1.32E+03	2.37	1.55	26.14	6	1.42	0	1.42	24.29	26.14	24.03	1599.90	1570.56	15.438	18.231	51.54	60.87	499.7	1800	490	101.7	-7.99	0.0296	0.7	-0.22	2.74	1.00	0.00	0.16	111115
37	"08:37:32"	2152.0	0	20.9	0.169	1.32E+03	2.36	1.55	26.14	6	1.42	0	1.42	24.29	26.14	24.03	1600.12	1570.59	15.440	18.219	51.54	60.82	499.8	1800	490	101.7	-7.99	0.0296	0.7	-0.22	2.74	1.00	0.00	0.16	111115
38	"08:37:33"	2153.0	0	21	0.168	1.31E+03	2.35	1.55	26.14	6	1.42	0	1.42	24.29	26.14	24.03	1600.24	1570.57	15.441	18.209	51.55	60.79	499.7	1800	491	101.7	-7.99	0.0296	0.7	-0.22	2.74	1.00	0.00	0.16	111115
39	"08:37:35"	2154.0	0	21.1	0.167	1.31E+03	2.34	1.55	26.14	6	1.42	0	1.42	24.29	26.14	24.03	1600.30	1570.60	15.441	18.200	51.55	60.76	499.7	1799	491	101.7	-7.99	0.0296	0.7	-0.22	2.74	1.00	0.00	0.16	111115
40	"08:37:36"	2155.5	0	20.9	0.166	1.31E+03	2.33	1.55	26.14	6	1.42	0	1.42	24.29	26.14	24.03	1600.08	1570.64	15.443	18.185	51.55	60.71	499.7	1799	491	101.7	-7.99	0.0296	0.7	-0.22	2.74	1.00	0.00	0.16	111115
"08:39:21 plot7-5"
41	"08:40:21"	2320.5	0	12.6	0.326	301	3.6	1.35	25.98	6	1.42	0	1.42	24.35	25.98	24.03	399.73	382.91	15.668	19.901	52.13	66.21	499.8	1800	315	101.7	1.77	0.0382	1.0	-0.22	2.74	1.00	0.00	0.16	111115
42	"08:40:22"	2321.5	0	12.8	0.326	301	3.6	1.35	25.98	6	1.42	0	1.42	24.35	25.98	24.03	399.91	382.91	15.668	19.904	52.13	66.22	499.8	1800	314	101.7	1.77	0.0382	1.0	-0.22	2.74	1.00	0.00	0.16	111115
43	"08:40:23"	2322.5	0	12.9	0.326	300	3.6	1.35	25.98	6	1.42	0	1.42	24.35	25.98	24.03	400.08	382.91	15.669	19.904	52.13	66.22	499.7	1800	314	101.7	1.77	0.0382	1.0	-0.22	2.74	1.00	0.00	0.16	111115
44	"08:40:24"	2323.5	0	13	0.326	299	3.6	1.35	25.98	6	1.42	0	1.42	24.35	25.98	24.03	400.14	382.92	15.669	19.903	52.13	66.22	499.7	1800	314	101.7	1.77	0.0382	1.0	-0.22	2.74	1.00	0.00	0.16	111115
45	"08:40:25"	2324.5	0	12.9	0.326	300	3.6	1.34	25.98	6	1.42	0	1.42	24.35	25.98	24.03	400.12	382.97	15.670	19.902	52.14	66.22	499.7	1800	314	101.7	1.77	0.0382	1.0	-0.22	2.74	1.00	0.00	0.16	111115
46	"08:44:33"	2572.5	0	20.5	0.178	1.33E+03	2.45	1.54	26.43	6	1.42	0	1.42	24.38	26.43	24.03	1599.46	1570.27	15.983	18.874	53.07	62.67	499.7	1799	319	101.7	-7.37	0.0616	1.0	-0.22	2.74	1.00	0.00	0.16	111115
47	"08:44:34"	2573.0	0	20.5	0.177	1.33E+03	2.45	1.54	26.43	6	1.42	0	1.42	24.38	26.43	24.03	1599.48	1570.22	15.984	18.871	53.07	62.65	499.7	1799	318	101.7	-7.37	0.0616	1.0	-0.22	2.74	1.00	0.00	0.16	111115
48	"08:44:34"	2574.0	0	20.6	0.176	1.33E+03	2.44	1.54	26.44	6	1.42	0	1.42	24.38	26.44	24.03	1599.58	1570.27	15.985	18.864	53.07	62.63	499.7	1799	318	101.8	-7.37	0.0616	1.0	-0.22	2.74	1.00	0.00	0.16	111115
49	"08:44:35"	2575.0	0	20.5	0.176	1.33E+03	2.44	1.54	26.44	6	1.42	0	1.42	24.38	26.44	24.03	1599.46	1570.29	15.985	18.859	53.07	62.61	499.7	1798	318	101.8	-7.37	0.0616	1.0	-0.22	2.74	1.00	0.00	0.16	111115
50	"08:44:36"	2575.5	0	20.4	0.176	1.33E+03	2.44	1.54	26.43	6	1.42	0	1.42	24.39	26.43	24.03	1599.36	1570.31	15.985	18.855	53.07	62.59	499.7	1798	318	101.8	-7.37	0.0616	1.0	-0.22	2.74	1.00	0.00	0.16	111115
"08:46:41 plot7-8"
51	"08:47:25"	2744.0	0	18.5	0.735	311	5.08	1.04	25.56	6	1.42	0	1.42	24.32	25.56	24.02	398.87	374.39	16.134	22.100	53.78	73.67	499.7	1799	375	101.8	2.17	-0.00532	1.0	-0.22	2.74	1.00	0.00	0.16	111115
52	"08:47:25"	2745.0	0	18.5	0.735	311	5.08	1.04	25.56	6	1.42	0	1.42	24.32	25.56	24.02	398.86	374.38	16.132	22.100	53.78	73.67	499.7	1799	374	101.8	2.17	-0.00532	1.0	-0.22	2.74	1.00	0.00	0.16	111115
53	"08:47:26"	2746.0	0	18.5	0.736	311	5.08	1.04	25.56	6	1.42	0	1.42	24.31	25.56	24.02	398.85	374.38	16.132	22.101	53.78	73.68	499.7	1799	373	101.8	2.17	-0.00532	1.0	-0.22	2.74	1.00	0.00	0.16	111115
54	"08:47:27"	2746.5	0	18.5	0.736	311	5.08	1.04	25.56	6	1.42	0	1.42	24.31	25.56	24.02	398.85	374.37	16.132	22.100	53.78	73.68	499.7	1799	373	101.8	2.17	-0.00532	1.0	-0.22	2.74	1.00	0.00	0.16	111115
55	"08:47:28"	2747.5	0	18.5	0.736	311	5.08	1.04	25.55	6	1.42	0	1.42	24.31	25.55	24.02	398.88	374.36	16.133	22.100	53.79	73.68	499.7	1799	373	101.8	2.17	-0.00532	1.0	-0.22	2.74	1.00	0.00	0.16	111115
56	"08:51:12"	2971.5	0	23.7	0.732	1.46E+03	5.36	1.1	25.60	6	1.42	0	1.42	24.33	25.60	24.02	1600.89	1562.38	15.275	21.577	50.89	71.88	499.7	1800	453	101.7	-7.02	0.0161	0.7	-0.22	2.74	1.00	0.00	0.16	111115
57	"08:51:13"	2972.0	0	23.6	0.732	1.46E+03	5.36	1.1	25.60	6	1.42	0	1.42	24.33	25.60	24.02	1600.76	1562.37	15.275	21.576	50.88	71.87	499.7	1800	451	101.7	-7.02	0.0161	0.7	-0.22	2.74	1.00	0.00	0.16	111115
58	"08:51:13"	2973.0	0	23.5	0.732	1.46E+03	5.36	1.1	25.59	6	1.42	0	1.42	24.33	25.59	24.02	1600.68	1562.43	15.276	21.574	50.88	71.86	499.7	1800	448	101.7	-7.02	0.0161	0.7	-0.22	2.74	1.00	0.00	0.16	111115
59	"08:51:14"	2974.0	0	23.4	0.731	1.46E+03	5.36	1.1	25.59	6	1.42	0	1.42	24.33	25.59	24.03	1600.60	1562.43	15.279	21.571	50.89	71.85	499.7	1800	445	101.7	-7.02	0.0161	0.7	-0.22	2.74	1.00	0.00	0.16	111115
60	"08:51:15"	2974.5	0	23.4	0.73	1.46E+03	5.35	1.1	25.59	6	1.42	0	1.42	24.33	25.59	24.03	1600.54	1562.41	15.280	21.570	50.90	71.85	499.7	1800	444	101.7	-7.02	0.0161	0.7	-0.22	2.74	1.00	0.00	0.16	111115
"08:53:14 plot7-3"
61	"08:54:42"	3180.5	0	8.02	0.171	297	2.49	1.61	26.41	5.8	1.46	0	1.46	24.40	26.41	24.03	399.27	388.85	15.285	18.123	50.70	60.11	499.7	1799	515	101.8	1.94	0.0542	0.7	-0.22	2.74	1.00	0.00	0.16	111115
62	"08:54:42"	3181.5	0	8.26	0.171	295	2.49	1.61	26.42	5.8	1.46	0	1.46	24.40	26.42	24.03	399.49	388.78	15.285	18.122	50.70	60.11	499.7	1799	515	101.8	1.94	0.0542	1.0	-0.22	2.74	1.00	0.00	0.16	111115
63	"08:54:44"	3183.0	0	8.56	0.17	292	2.49	1.62	26.42	5.8	1.46	0	1.46	24.40	26.42	24.03	399.83	388.77	15.285	18.121	50.70	60.10	499.8	1799	514	101.8	1.94	0.0542	1.0	-0.22	2.74	1.00	0.00	0.16	111115
64	"08:54:45"	3184.5	0	8.6	0.17	291	2.49	1.62	26.43	5.8	1.46	0	1.46	24.40	26.43	24.03	399.94	388.83	15.286	18.118	50.70	60.09	499.8	1799	513	101.8	1.94	0.0542	0.7	-0.22	2.74	1.00	0.00	0.16	111115
65	"08:54:47"	3185.5	0	8.59	0.17	291	2.48	1.62	26.42	5.8	1.46	0	1.46	24.40	26.42	24.03	399.97	388.87	15.287	18.116	50.70	60.08	499.7	1799	513	101.8	1.94	0.0542	0.7	-0.22	2.74	1.00	0.00	0.16	111115
66	"08:58:41"	3420.0	0	14.8	0.104	1.3E+03	1.68	1.72	26.47	5.8	1.46	0	1.46	24.32	26.47	24.02	1599.57	1579.28	15.240	17.159	50.80	57.19	499.7	1799	463	101.8	-7.25	0.0769	1.0	-0.22	2.74	1.00	0.00	0.16	111115
67	"08:58:41"	3420.5	0	14.9	0.103	1.3E+03	1.68	1.72	26.47	5.8	1.46	0	1.46	24.32	26.47	24.02	1599.59	1579.27	15.240	17.157	50.80	57.19	499.7	1799	463	101.8	-7.25	0.0769	1.0	-0.22	2.74	1.00	0.00	0.16	111115
68	"08:58:42"	3421.5	0	14.9	0.103	1.29E+03	1.68	1.73	26.48	5.8	1.46	0	1.46	24.32	26.48	24.02	1599.59	1579.21	15.241	17.152	50.80	57.17	499.7	1799	463	101.8	-7.25	0.0769	1.0	-0.22	2.74	1.00	0.00	0.16	111115
69	"08:58:42"	3422.0	0	14.9	0.103	1.29E+03	1.68	1.73	26.48	5.8	1.46	0	1.46	24.32	26.48	24.02	1599.64	1579.27	15.240	17.151	50.80	57.17	499.7	1799	463	101.8	-7.25	0.0769	1.0	-0.22	2.74	1.00	0.00	0.16	111115
70	"08:58:43"	3422.5	0	14.9	0.103	1.29E+03	1.67	1.73	26.48	5.8	1.46	0	1.46	24.32	26.48	24.02	1599.64	1579.27	15.240	17.150	50.79	57.16	499.7	1799	463	101.8	-7.25	0.0769	1.0	-0.22	2.74	1.00	0.00	0.16	111115
"09:00:47 plot6-1"
71	"09:02:12"	3631.5	0	17.5	0.698	314	5.26	1.11	25.61	6	1.42	0	1.42	24.37	25.61	24.02	400.26	376.88	15.299	21.475	50.84	71.36	499.7	1799	589	101.8	2.33	0.0123	0.7	-0.22	2.74	1.00	0.00	0.16	111115
72	"09:02:13"	3632.0	0	17.5	0.699	314	5.26	1.11	25.61	6	1.42	0	1.42	24.37	25.61	24.02	400.31	376.89	15.298	21.476	50.84	71.37	499.7	1799	589	101.8	2.33	0.0123	1.0	-0.22	2.74	1.00	0.00	0.16	111115
73	"09:02:13"	3632.5	0	17.6	0.699	314	5.26	1.11	25.61	6	1.42	0	1.42	24.37	25.61	24.02	400.37	376.89	15.298	21.476	50.84	71.37	499.7	1799	589	101.8	2.33	0.0123	1.0	-0.22	2.74	1.00	0.00	0.16	111115
74	"09:02:14"	3633.5	0	17.6	0.699	314	5.26	1.11	25.61	6	1.42	0	1.42	24.37	25.61	24.02	400.42	376.89	15.297	21.476	50.84	71.37	499.7	1799	589	101.8	2.33	0.0123	1.0	-0.22	2.74	1.00	0.00	0.16	111115
75	"09:02:15"	3634.5	0	17.6	0.699	314	5.26	1.11	25.61	6	1.42	0	1.42	24.37	25.61	24.02	400.40	376.93	15.297	21.477	50.84	71.37	499.7	1799	588	101.8	2.33	0.0123	1.0	-0.22	2.74	1.00	0.00	0.16	111115
76	"09:06:28"	3887.5	0	24	0.595	1.45E+03	4.9	1.16	25.71	6	1.42	0	1.42	24.35	25.71	24.02	1599.13	1561.16	15.473	21.231	51.48	70.63	499.6	1799	575	101.8	-6.39	-0.0051	0.7	-0.22	2.74	1.00	0.00	0.16	111115
77	"09:06:29"	3888.5	0	24	0.594	1.45E+03	4.89	1.16	25.71	6	1.42	0	1.42	24.35	25.71	24.02	1599.15	1561.09	15.473	21.228	51.48	70.62	499.5	1799	573	101.8	-6.39	-0.0051	0.7	-0.22	2.74	1.00	0.00	0.16	111115
78	"09:06:30"	3889.5	0	24.2	0.594	1.45E+03	4.89	1.16	25.71	6	1.42	0	1.42	24.35	25.71	24.02	1599.27	1561.07	15.472	21.224	51.48	70.62	499.5	1799	571	101.8	-6.39	-0.0051	0.7	-0.22	2.74	1.00	0.00	0.16	111115
79	"09:06:31"	3890.0	0	24.3	0.593	1.45E+03	4.89	1.16	25.70	6	1.42	0	1.42	24.35	25.70	24.02	1599.34	1561.01	15.473	21.220	51.48	70.61	499.5	1799	570	101.8	-6.39	-0.0051	0.7	-0.22	2.74	1.00	0.00	0.16	111115
80	"09:06:32"	3891.0	0	24.4	0.592	1.44E+03	4.88	1.16	25.71	6	1.42	0	1.42	24.35	25.71	24.02	1599.42	1561.00	15.474	21.216	51.49	70.59	499.6	1799	569	101.8	-6.39	-0.0051	0.3	-0.22	2.74	1.00	0.00	0.16	111115
"09:08:27 plot6-3"
81	"09:09:43"	4082.0	0	9.98	0.141	256	2.06	1.59	26.24	6	1.42	0	1.42	24.29	26.24	24.02	400.29	387.35	15.600	18.025	52.08	60.17	499.7	1799	214	101.8	1.85	0.0234	0.7	-0.22	2.74	1.00	0.00	0.16	111115
82	"09:09:43"	4082.5	0	9.98	0.141	256	2.06	1.59	26.24	6	1.42	0	1.42	24.29	26.24	24.02	400.31	387.37	15.601	18.025	52.08	60.17	499.7	1799	215	101.8	1.85	0.0234	0.7	-0.22	2.74	1.00	0.00	0.16	111115
83	"09:09:44"	4083.0	0	9.93	0.141	257	2.05	1.59	26.24	6	1.42	0	1.42	24.29	26.24	24.02	400.29	387.41	15.603	18.022	52.09	60.16	499.7	1799	215	101.8	1.85	0.0234	0.7	-0.22	2.74	1.00	0.00	0.16	111115
84	"09:09:45"	4084.0	0	9.8	0.141	258	2.05	1.59	26.24	6	1.42	0	1.42	24.29	26.24	24.02	400.15	387.43	15.605	18.020	52.10	60.16	499.6	1798	216	101.8	1.85	0.0234	0.7	-0.22	2.74	1.00	0.00	0.16	111115
85	"09:09:46"	4085.0	0	9.63	0.14	260	2.05	1.59	26.23	6	1.42	0	1.42	24.29	26.23	24.02	399.96	387.44	15.606	18.019	52.10	60.16	499.7	1798	217	101.8	1.85	0.0234	1.0	-0.22	2.74	1.00	0.00	0.16	111115
86	"09:13:37"	4317.0	0	17.4	0.111	1.27E+03	1.75	1.68	26.55	6	1.42	0	1.42	24.37	26.55	24.02	1598.54	1574.34	15.699	17.762	52.16	59.02	499.8	1799	233	101.8	-7.27	0.0138	0.7	-0.22	2.74	1.00	0.00	0.16	111115
87	"09:13:38"	4317.5	0	17.4	0.111	1.27E+03	1.75	1.68	26.54	6	1.42	0	1.42	24.37	26.54	24.03	1598.57	1574.37	15.700	17.762	52.17	59.02	499.8	1799	232	101.8	-7.27	0.0138	0.7	-0.22	2.74	1.00	0.00	0.16	111115
88	"09:13:39"	4318.5	0	17.4	0.111	1.27E+03	1.75	1.68	26.54	6	1.42	0	1.42	24.37	26.54	24.02	1598.58	1574.41	15.702	17.761	52.17	59.01	499.8	1799	232	101.8	-7.27	0.0138	0.7	-0.22	2.74	1.00	0.00	0.16	111115
89	"09:13:40"	4319.0	0	17.4	0.111	1.27E+03	1.74	1.68	26.54	6	1.42	0	1.42	24.37	26.54	24.02	1598.56	1574.42	15.704	17.760	52.17	59.01	499.8	1799	233	101.8	-7.27	0.0138	0.7	-0.22	2.74	1.00	0.00	0.16	111115
90	"09:13:40"	4320.0	0	17.3	0.111	1.27E+03	1.74	1.68	26.54	6	1.42	0	1.42	24.37	26.54	24.02	1598.51	1574.39	15.705	17.756	52.18	58.99	499.7	1799	233	101.8	-7.27	0.0138	1.0	-0.22	2.74	1.00	0.00	0.16	111115
"09:15:38 plot6-4"
91	"09:16:49"	4508.5	0	14	0.345	295	3.75	1.34	26.10	6	1.42	0	1.42	24.42	26.10	24.02	399.46	380.95	15.786	20.199	52.29	66.90	499.7	1800	163	101.8	1.92	-0.0145	1.0	-0.22	2.74	1.00	0.00	0.16	111115
92	"09:16:49"	4509.0	0	13.9	0.345	296	3.75	1.34	26.10	6	1.42	0	1.42	24.42	26.10	24.02	399.38	380.93	15.785	20.199	52.28	66.90	499.7	1800	163	101.8	1.92	-0.0145	1.0	-0.22	2.74	1.00	0.00	0.16	111115
93	"09:16:50"	4510.0	0	13.8	0.345	297	3.75	1.34	26.10	6	1.42	0	1.42	24.42	26.10	24.02	399.23	380.94	15.784	20.200	52.28	66.90	499.7	1800	163	101.8	1.92	-0.0145	1.0	-0.22	2.74	1.00	0.00	0.16	111115
94	"09:16:51"	4510.5	0	13.7	0.345	297	3.75	1.34	26.10	6	1.42	0	1.42	24.43	26.10	24.02	399.17	380.96	15.784	20.199	52.28	66.90	499.7	1800	163	101.8	1.92	-0.0145	1.0	-0.22	2.74	1.00	0.00	0.16	111115
95	"09:16:52"	4511.5	0	13.7	0.345	297	3.75	1.34	26.10	6	1.42	0	1.42	24.43	26.10	24.02	399.13	380.98	15.786	20.202	52.28	66.90	499.7	1800	164	101.8	1.92	-0.0145	1.0	-0.22	2.74	1.00	0.00	0.16	111115
96	"09:20:32"	4731.5	0	21.5	0.299	1.4E+03	3.53	1.41	26.37	6	1.42	0	1.42	24.50	26.37	24.02	1600.73	1568.29	15.870	20.021	52.31	65.99	499.7	1799	156	101.7	-6.71	-0.0254	0.7	-0.22	2.74	1.00	0.00	0.16	111115
97	"09:20:33"	4732.0	0	21.5	0.299	1.4E+03	3.53	1.41	26.37	6	1.42	0	1.42	24.50	26.37	24.02	1600.75	1568.35	15.870	20.019	52.31	65.99	499.7	1799	156	101.7	-6.71	-0.0254	0.7	-0.22	2.74	1.00	0.00	0.16	111115
98	"09:20:33"	4733.0	0	21.3	0.298	1.4E+03	3.52	1.41	26.37	6	1.42	0	1.42	24.50	26.37	24.02	1600.79	1568.60	15.873	20.015	52.32	65.98	499.7	1799	156	101.7	-6.71	-0.0254	0.7	-0.22	2.74	1.00	0.00	0.16	111115
99	"09:20:34"	4733.5	0	21.2	0.298	1.4E+03	3.52	1.41	26.37	6	1.42	0	1.42	24.50	26.37	24.02	1600.70	1568.62	15.873	20.013	52.33	65.98	499.7	1799	156	101.7	-6.71	-0.0254	0.7	-0.22	2.74	1.00	0.00	0.16	111115
100	"09:20:35"	4734.5	0	21.1	0.298	1.4E+03	3.51	1.41	26.37	6	1.42	0	1.42	24.50	26.37	24.02	1600.72	1568.74	15.876	20.011	52.34	65.97	499.7	1799	156	101.7	-6.71	-0.0254	0.7	-0.22	2.74	1.00	0.00	0.16	111115
"09:21:51 plot6-5"
101	"09:23:15"	4894.0	0	13.7	0.55	321	4.71	1.18	26.04	6	1.42	0	1.42	24.52	26.04	24.02	399.23	380.65	16.136	21.672	53.12	71.34	499.7	1799	213	101.7	2.15	-0.0567	1.0	-0.22	2.74	1.00	0.00	0.16	111115
102	"09:23:16"	4895.0	0	13.6	0.55	322	4.71	1.18	26.04	6	1.42	0	1.42	24.53	26.04	24.02	399.07	380.63	16.135	21.673	53.11	71.34	499.7	1799	213	101.7	2.15	-0.0567	1.0	-0.22	2.74	1.00	0.00	0.16	111115
103	"09:23:17"	4896.0	0	13.5	0.551	322	4.72	1.18	26.04	6	1.42	0	1.42	24.53	26.04	24.02	398.94	380.60	16.134	21.676	53.11	71.35	499.7	1799	212	101.7	2.15	-0.0567	1.0	-0.22	2.74	1.00	0.00	0.16	111115
104	"09:23:18"	4897.0	0	13.5	0.551	322	4.72	1.18	26.04	6	1.42	0	1.42	24.53	26.04	24.02	398.86	380.55	16.135	21.676	53.11	71.35	499.7	1799	212	101.7	2.15	-0.0567	1.0	-0.22	2.74	1.00	0.00	0.16	111115
105	"09:23:19"	4898.0	0	13.5	0.551	322	4.72	1.18	26.04	6	1.42	0	1.42	24.53	26.04	24.02	398.84	380.52	16.137	21.678	53.12	71.36	499.7	1799	212	101.7	2.15	-0.0567	1.0	-0.22	2.74	1.00	0.00	0.16	111115
106	"09:27:23"	5142.0	0	19.4	0.452	1.45E+03	4.34	1.25	26.41	6	1.42	0	1.42	24.60	26.41	24.02	1599.39	1567.95	16.592	21.689	54.37	71.08	499.7	1799	217	101.7	-6.59	-0.0367	1.0	-0.22	2.74	1.00	0.00	0.16	111115
107	"09:27:23"	5143.0	0	19.2	0.451	1.45E+03	4.33	1.25	26.41	6	1.42	0	1.42	24.60	26.41	24.02	1599.11	1567.92	16.596	21.686	54.39	71.07	499.7	1799	215	101.7	-6.59	-0.0367	1.0	-0.22	2.74	1.00	0.00	0.16	111115
108	"09:27:24"	5144.0	0	19	0.45	1.45E+03	4.33	1.25	26.42	6	1.42	0	1.42	24.60	26.42	24.02	1598.91	1567.90	16.600	21.684	54.40	71.06	499.7	1799	214	101.7	-6.59	-0.0367	1.0	-0.22	2.74	1.00	0.00	0.16	111115
109	"09:27:25"	5144.5	0	19.1	0.45	1.45E+03	4.33	1.25	26.42	6	1.42	0	1.42	24.60	26.42	24.02	1598.92	1567.89	16.602	21.683	54.41	71.06	499.7	1799	213	101.7	-6.59	-0.0367	1.0	-0.22	2.74	1.00	0.00	0.16	111115
110	"09:27:26"	5145.5	0	19.1	0.448	1.45E+03	4.32	1.25	26.42	6	1.42	0	1.42	24.60	26.42	24.02	1598.91	1567.82	16.605	21.679	54.42	71.04	499.7	1799	213	101.7	-6.59	-0.0367	1.0	-0.22	2.74	1.00	0.00	0.16	111115
"09:28:42 plot6-6"
111	"09:30:12"	5311.5	0	22.3	0.797	299	5.45	1.06	26.33	6	1.42	0	1.42	24.65	26.33	24.02	399.80	370.57	17.051	23.445	55.71	76.60	499.7	1799	735	101.7	2.58	-0.0771	1.0	-0.22	2.74	1.00	0.00	0.16	111115
112	"09:30:13"	5312.0	0	22.3	0.797	299	5.45	1.06	26.33	6	1.42	0	1.42	24.65	26.33	24.02	399.74	370.57	17.052	23.446	55.71	76.60	499.7	1799	733	101.7	2.58	-0.0771	1.0	-0.22	2.74	1.00	0.00	0.16	111115
113	"09:30:14"	5313.0	0	22.2	0.797	299	5.45	1.06	26.33	6	1.42	0	1.42	24.65	26.33	24.02	399.71	370.57	17.056	23.450	55.72	76.62	499.7	1799	730	101.7	2.58	-0.0771	1.0	-0.22	2.74	1.00	0.00	0.16	111115
114	"09:30:15"	5314.0	0	22.3	0.797	299	5.45	1.06	26.33	6	1.42	0	1.42	24.65	26.33	24.02	399.75	370.55	17.058	23.452	55.73	76.62	499.7	1799	727	101.7	2.58	-0.0771	1.0	-0.22	2.74	1.00	0.00	0.16	111115
115	"09:30:16"	5315.0	0	22.3	0.798	299	5.45	1.05	26.33	6	1.42	0	1.42	24.65	26.33	24.02	399.75	370.54	17.061	23.455	55.74	76.63	499.7	1799	726	101.7	2.58	-0.0771	1.0	-0.22	2.74	1.00	0.00	0.16	111115
116	"09:35:09"	5608.5	0	26.4	0.76	1.45E+03	5.23	1.04	26.42	6	1.42	0	1.42	24.63	26.42	24.03	1599.88	1558.38	17.620	23.748	57.62	77.66	499.7	1800	730	101.7	-5.65	-0.0578	1.0	-0.22	2.74	1.00	0.00	0.16	111115
117	"09:35:10"	5609.0	0	26.4	0.76	1.45E+03	5.23	1.04	26.42	6	1.42	0	1.42	24.63	26.42	24.03	1599.81	1558.33	17.621	23.749	57.62	77.66	499.7	1800	731	101.7	-5.65	-0.0578	0.7	-0.22	2.74	1.00	0.00	0.16	111115
118	"09:35:11"	5610.0	0	26.4	0.759	1.45E+03	5.23	1.04	26.42	6	1.42	0	1.42	24.64	26.42	24.03	1599.62	1558.20	17.623	23.748	57.63	77.66	499.7	1800	732	101.7	-5.65	-0.0578	0.7	-0.22	2.74	1.00	0.00	0.16	111115
119	"09:35:12"	5611.0	0	26.5	0.759	1.45E+03	5.22	1.04	26.42	6	1.42	0	1.42	24.64	26.42	24.02	1599.61	1558.03	17.626	23.748	57.63	77.66	499.7	1800	732	101.7	-5.65	-0.0578	0.7	-0.22	2.74	1.00	0.00	0.16	111115
120	"09:35:13"	5612.0	0	26.7	0.758	1.45E+03	5.22	1.04	26.42	6	1.42	0	1.42	24.64	26.42	24.02	1599.78	1557.93	17.628	23.747	57.64	77.65	499.7	1800	733	101.7	-5.65	-0.0578	0.7	-0.22	2.74	1.00	0.00	0.16	111115
"09:38:11 plot6-7"
121	"09:39:24"	5863.5	0	13.4	0.284	288	3.16	1.32	26.66	6	1.42	0	1.42	24.73	26.66	24.02	400.50	383.00	17.762	21.478	57.76	69.85	499.7	1800	468	101.7	2.18	-0.0172	0.7	-0.22	2.74	1.00	0.00	0.16	111115
122	"09:39:25"	5864.0	0	13.3	0.283	288	3.16	1.32	26.66	6	1.42	0	1.42	24.73	26.66	24.02	400.46	383.04	17.763	21.475	57.77	69.84	499.7	1800	468	101.7	2.18	-0.0172	0.7	-0.22	2.74	1.00	0.00	0.16	111115
123	"09:39:25"	5865.0	0	13.2	0.283	289	3.15	1.32	26.66	6	1.42	0	1.42	24.73	26.66	24.02	400.35	383.09	17.766	21.473	57.78	69.83	499.7	1800	468	101.7	2.18	-0.0172	0.7	-0.22	2.74	1.00	0.00	0.16	111115
124	"09:39:26"	5866.0	0	13.1	0.282	290	3.15	1.32	26.66	6	1.42	0	1.42	24.73	26.66	24.02	400.26	383.14	17.767	21.469	57.79	69.83	499.7	1800	469	101.7	2.18	-0.0172	0.7	-0.22	2.74	1.00	0.00	0.16	111115
125	"09:39:27"	5867.0	0	12.9	0.282	290	3.15	1.32	26.66	6	1.42	0	1.42	24.73	26.66	24.02	400.16	383.18	17.768	21.468	57.79	69.82	499.7	1800	469	101.7	2.18	-0.0172	0.7	-0.22	2.74	1.00	0.00	0.16	111115
126	"09:43:25"	6103.5	0	23.9	0.25	1.36E+03	2.99	1.39	26.97	6	1.42	0	1.42	24.87	26.97	24.02	1600.59	1566.28	17.937	21.446	57.85	69.17	499.8	1799	649	101.7	-5.98	0.0136	1.0	-0.22	2.74	1.00	0.00	0.16	111115
127	"09:43:26"	6104.5	0	23.8	0.25	1.36E+03	2.99	1.39	26.97	6	1.42	0	1.42	24.87	26.97	24.02	1600.55	1566.36	17.939	21.449	57.86	69.17	499.8	1799	634	101.7	-5.98	0.0136	1.0	-0.22	2.74	1.00	0.00	0.16	111115
128	"09:43:26"	6105.5	0	23.6	0.25	1.36E+03	2.99	1.39	26.96	6	1.42	0	1.42	24.87	26.96	24.02	1600.35	1566.36	17.941	21.451	57.86	69.18	499.7	1800	625	101.7	-5.98	0.0136	1.0	-0.22	2.74	1.00	0.00	0.16	111115
129	"09:43:27"	6106.5	0	23.5	0.251	1.36E+03	2.99	1.39	26.95	6	1.42	0	1.42	24.87	26.95	24.02	1600.08	1566.29	17.941	21.453	57.86	69.18	499.7	1800	621	101.7	-5.98	0.0136	0.7	-0.22	2.74	1.00	0.00	0.16	111115
130	"09:43:28"	6107.5	0	23.4	0.251	1.36E+03	2.99	1.39	26.96	6	1.42	0	1.42	24.87	26.96	24.03	1599.87	1566.18	17.942	21.455	57.86	69.19	499.7	1800	619	101.7	-5.98	0.0136	0.7	-0.22	2.74	1.00	0.00	0.16	111115
"09:45:16 plot6-8"
131	"09:46:58"	6317.0	0	22.7	0.693	291	4.93	1.05	26.62	6	1.42	0	1.42	24.36	26.62	23.43	399.66	370.23	18.338	24.118	60.95	80.16	499.6	1799	1008	101.7	3.19	0.013	0.7	-0.22	2.74	1.00	0.00	0.16	111115
132	"09:46:59"	6318.0	0	22.6	0.694	291	4.93	1.05	26.61	6	1.42	0	1.42	24.36	26.61	23.43	399.59	370.20	18.337	24.119	60.95	80.17	499.6	1799	1007	101.7	3.19	0.013	0.7	-0.22	2.74	1.00	0.00	0.16	111115
133	"09:47:00"	6319.0	0	22.6	0.695	291	4.94	1.04	26.61	6	1.42	0	1.42	24.36	26.61	23.43	399.54	370.16	18.336	24.121	60.95	80.18	499.6	1799	1007	101.7	3.19	0.013	0.7	-0.22	2.74	1.00	0.00	0.16	111115
134	"09:47:01"	6320.0	0	22.7	0.697	291	4.94	1.04	26.61	6	1.42	0	1.42	24.36	26.61	23.43	399.56	370.10	18.334	24.121	60.95	80.18	499.6	1799	1006	101.7	3.19	0.013	0.7	-0.22	2.74	1.00	0.00	0.16	111115
135	"09:47:02"	6320.5	0	22.8	0.697	290	4.94	1.04	26.60	6	1.42	0	1.42	24.36	26.60	23.43	399.66	370.09	18.333	24.121	60.94	80.19	499.6	1799	1005	101.7	3.19	0.013	0.7	-0.22	2.74	1.00	0.00	0.16	111115
136	"09:50:34"	6533.0	0	36.4	0.655	1.4E+03	4.57	1.01	26.50	6	1.42	0	1.42	24.26	26.50	23.43	1599.62	1547.45	18.899	24.259	63.21	81.13	499.7	1800	1181	101.7	-4.46	0.0239	1.0	-0.22	2.74	1.00	0.00	0.16	111115
137	"09:50:35"	6534.0	0	36.4	0.654	1.4E+03	4.57	1.01	26.50	6	1.42	0	1.42	24.26	26.50	23.43	1599.58	1547.41	18.903	24.258	63.22	81.13	499.6	1800	1173	101.7	-4.46	0.0239	1.0	-0.22	2.74	1.00	0.00	0.16	111115
138	"09:50:36"	6534.5	0	36.4	0.654	1.4E+03	4.57	1.01	26.50	6	1.42	0	1.42	24.26	26.50	23.43	1599.61	1547.42	18.905	24.259	63.23	81.13	499.7	1800	1169	101.7	-4.46	0.0239	1.0	-0.22	2.74	1.00	0.00	0.16	111115
139	"09:50:36"	6535.5	0	36.3	0.654	1.4E+03	4.57	1.01	26.50	6	1.42	0	1.42	24.26	26.50	23.43	1599.51	1547.41	18.909	24.260	63.24	81.14	499.7	1800	1164	101.7	-4.46	0.0239	1.0	-0.22	2.74	1.00	0.00	0.16	111115
140	"09:50:38"	6536.5	0	36.3	0.653	1.4E+03	4.56	1.01	26.50	6	1.42	0	1.42	24.26	26.50	23.43	1599.47	1547.42	18.913	24.259	63.26	81.14	499.7	1800	1160	101.7	-4.46	0.0239	1.0	-0.22	2.74	1.00	0.00	0.16	111115
"09:52:45 plot2-1"
141	"09:54:37"	6776.5	0	22.7	0.904	305	4.96	0.887	26.33	6	1.42	0	1.42	24.05	26.33	23.04	400.92	371.42	19.303	25.108	65.36	85.02	499.7	1799	344	101.7	3.31	0.00509	0.7	-0.22	2.74	1.00	0.00	0.16	111115
142	"09:54:38"	6777.0	0	22.8	0.906	305	4.96	0.886	26.33	6	1.42	0	1.42	24.05	26.33	23.04	400.98	371.45	19.301	25.109	65.36	85.02	499.7	1799	345	101.7	3.31	0.00509	0.7	-0.22	2.74	1.00	0.00	0.16	111115
143	"09:54:39"	6778.0	0	22.7	0.91	305	4.97	0.884	26.32	6	1.42	0	1.42	24.05	26.32	23.04	400.92	371.49	19.297	25.109	65.34	85.02	499.7	1799	344	101.7	3.31	0.00509	0.7	-0.22	2.74	1.00	0.00	0.16	111115
144	"09:54:40"	6778.5	0	22.6	0.912	305	4.97	0.884	26.32	6	1.42	0	1.42	24.05	26.32	23.04	400.89	371.51	19.293	25.111	65.33	85.02	499.7	1799	344	101.7	3.31	0.00509	0.7	-0.22	2.74	1.00	0.00	0.16	111115
145	"09:54:40"	6779.5	0	22.5	0.915	306	4.98	0.883	26.31	6	1.42	0	1.42	24.05	26.31	23.04	400.81	371.53	19.288	25.112	65.31	85.03	499.7	1799	342	101.7	3.31	0.00509	0.7	-0.22	2.74	1.00	0.00	0.16	111115
146	"09:59:02"	7041.5	0	29.6	0.848	1.45E+03	4.94	0.92	26.37	6	1.42	0	1.42	24.08	26.37	23.04	1600.02	1555.23	19.067	24.857	64.43	84.00	499.7	1800	301	101.7	-4.49	0.0255	1.0	-0.22	2.74	1.00	0.00	0.16	111115
147	"09:59:03"	7042.0	0	29.6	0.849	1.45E+03	4.95	0.919	26.36	6	1.42	0	1.42	24.08	26.36	23.04	1600.06	1555.25	19.068	24.859	64.44	84.00	499.7	1800	300	101.7	-4.49	0.0255	1.0	-0.22	2.74	1.00	0.00	0.16	111115
148	"09:59:04"	7043.0	0	29.7	0.849	1.45E+03	4.95	0.919	26.36	6	1.42	0	1.42	24.08	26.36	23.04	1600.16	1555.29	19.069	24.859	64.44	84.01	499.7	1800	299	101.7	-4.49	0.0255	0.7	-0.22	2.74	1.00	0.00	0.16	111115
149	"09:59:04"	7044.0	0	29.8	0.85	1.45E+03	4.94	0.918	26.36	6	1.42	0	1.42	24.08	26.36	23.04	1600.37	1555.36	19.071	24.860	64.45	84.01	499.7	1800	298	101.7	-4.49	0.0255	0.7	-0.22	2.74	1.00	0.00	0.16	111115
150	"09:59:05"	7045.0	0	30	0.849	1.45E+03	4.94	0.918	26.36	6	1.42	0	1.42	24.08	26.36	23.04	1600.61	1555.39	19.071	24.856	64.44	83.99	499.7	1800	297	101.7	-4.49	0.0255	0.7	-0.22	2.74	1.00	0.00	0.16	111115
"10:00:09 plot2-2"
151	"10:01:20"	7179.0	0	13.7	0.331	294	3.36	1.24	27.03	6	1.42	0	1.42	24.17	27.03	23.03	398.84	380.81	19.135	23.079	64.32	77.58	499.7	1800	98	101.7	2.69	0.0419	1.0	-0.22	2.74	1.00	0.00	0.16	111115
152	"10:01:20"	7179.5	0	13.7	0.331	294	3.36	1.24	27.03	6	1.42	0	1.42	24.17	27.03	23.03	398.85	380.81	19.132	23.078	64.32	77.58	499.7	1800	98	101.7	2.69	0.0419	1.0	-0.22	2.74	1.00	0.00	0.16	111115
153	"10:01:21"	7180.5	0	13.8	0.331	295	3.36	1.24	27.03	6	1.42	0	1.42	24.17	27.03	23.03	398.86	380.80	19.130	23.076	64.31	77.57	499.7	1800	98	101.7	2.69	0.0419	1.0	-0.22	2.74	1.00	0.00	0.16	111115
154	"10:01:22"	7181.0	0	13.8	0.332	294	3.36	1.24	27.02	6	1.42	0	1.42	24.17	27.02	23.03	398.88	380.81	19.129	23.076	64.31	77.57	499.7	1800	99	101.7	2.69	0.0419	1.0	-0.22	2.74	1.00	0.00	0.16	111115
155	"10:01:22"	7181.5	0	13.8	0.332	294	3.36	1.24	27.02	6	1.42	0	1.42	24.17	27.02	23.03	398.91	380.79	19.129	23.075	64.31	77.57	499.7	1800	99	101.7	2.69	0.0419	1.0	-0.22	2.74	1.00	0.00	0.16	111115
156	"10:07:30"	7550.0	0	23.6	0.211	1.33E+03	2.61	1.4	27.52	6	1.42	0	1.42	24.27	27.52	23.04	1599.85	1566.62	19.452	22.510	65.00	75.22	499.7	1800	97	101.7	-5.28	0.0767	0.7	-0.22	2.74	1.00	0.00	0.16	111115
157	"10:07:31"	7550.5	0	23.8	0.211	1.33E+03	2.6	1.4	27.52	6	1.42	0	1.42	24.27	27.52	23.04	1600.05	1566.60	19.450	22.507	64.99	75.21	499.7	1800	97	101.7	-5.28	0.0767	0.7	-0.22	2.74	1.00	0.00	0.16	111115
158	"10:07:32"	7551.5	0	24	0.211	1.33E+03	2.6	1.4	27.52	6	1.42	0	1.42	24.27	27.52	23.04	1600.39	1566.61	19.445	22.502	64.98	75.19	499.6	1800	97	101.7	-5.28	0.0767	0.7	-0.22	2.74	1.00	0.00	0.16	111115
159	"10:07:33"	7552.5	0	24.2	0.211	1.33E+03	2.61	1.4	27.52	6	1.42	0	1.42	24.27	27.52	23.04	1600.66	1566.65	19.438	22.498	64.95	75.17	499.7	1800	97	101.7	-5.28	0.0767	0.7	-0.22	2.74	1.00	0.00	0.16	111115
160	"10:07:34"	7553.5	0	24	0.211	1.33E+03	2.61	1.4	27.52	6	1.42	0	1.42	24.27	27.52	23.04	1600.48	1566.75	19.433	22.492	64.93	75.15	499.7	1800	97	101.7	-5.28	0.0767	0.7	-0.22	2.74	1.00	0.00	0.16	111115
"10:09:09 plot2-3"
161	"10:14:27"	7966.0	0	26.1	1.43	304	9.15	1.27	25.81	6	1.42	0	1.42	23.60	25.81	22.13	399.98	364.61	9.552	20.317	33.24	70.69	499.7	1799	1109	101.7	3.56	-0.0876	0.7	-0.22	2.74	1.00	0.00	0.16	111115
162	"10:14:27"	7966.5	0	26	1.43	304	9.15	1.27	25.81	6	1.42	0	1.42	23.60	25.81	22.13	399.85	364.59	9.552	20.318	33.24	70.69	499.7	1799	1109	101.7	3.56	-0.0876	0.7	-0.22	2.74	1.00	0.00	0.16	111115
163	"10:14:28"	7967.5	0	25.9	1.43	304	9.16	1.27	25.82	6	1.42	0	1.42	23.60	25.82	22.13	399.61	364.49	9.550	20.319	33.23	70.70	499.7	1799	1109	101.7	3.56	-0.0876	0.7	-0.22	2.74	1.00	0.00	0.16	111115
164	"10:14:29"	7968.0	0	25.9	1.43	304	9.16	1.27	25.82	6	1.42	0	1.42	23.60	25.82	22.13	399.48	364.44	9.549	20.319	33.23	70.70	499.7	1799	1109	101.7	3.56	-0.0876	0.7	-0.22	2.74	1.00	0.00	0.16	111115
165	"10:14:30"	7969.0	0	25.7	1.43	304	9.16	1.27	25.82	6	1.42	0	1.42	23.60	25.82	22.13	399.23	364.34	9.548	20.320	33.22	70.70	499.7	1799	1109	101.7	3.56	-0.0876	1.0	-0.22	2.74	1.00	0.00	0.16	111115
166	"10:18:10"	8189.0	0	33.8	1.41	1.44E+03	9.21	1.29	25.90	6	1.42	0	1.42	23.69	25.90	22.20	1599.99	1542.37	9.463	20.297	32.75	70.25	499.7	1799	1085	101.7	-4.6	0.007	0.7	-0.22	2.74	1.00	0.00	0.16	111115
167	"10:18:11"	8189.5	0	33.9	1.41	1.44E+03	9.21	1.29	25.90	6	1.42	0	1.42	23.68	25.90	22.20	1600.08	1542.34	9.463	20.297	32.75	70.25	499.8	1799	1085	101.7	-4.6	0.007	0.7	-0.22	2.74	1.00	0.00	0.16	111115
168	"10:18:11"	8190.5	0	34	1.41	1.44E+03	9.21	1.29	25.90	6	1.42	0	1.42	23.68	25.90	22.20	1600.19	1542.28	9.462	20.294	32.75	70.24	499.8	1799	1085	101.7	-4.6	0.007	0.7	-0.22	2.74	1.00	0.00	0.16	111115
169	"10:18:12"	8191.0	0	34	1.41	1.44E+03	9.21	1.29	25.90	6	1.42	0	1.42	23.68	25.90	22.20	1600.19	1542.26	9.461	20.293	32.75	70.24	499.7	1799	1085	101.7	-4.6	0.007	0.7	-0.22	2.74	1.00	0.00	0.16	111115
170	"10:18:13"	8192.0	0	34.1	1.41	1.44E+03	9.21	1.29	25.89	6	1.42	0	1.42	23.68	25.89	22.19	1600.17	1542.22	9.459	20.289	32.75	70.24	499.7	1799	1086	101.7	-4.6	0.007	1.0	-0.22	2.74	1.00	0.00	0.16	111115
"10:19:22 plot2-4"
171	"10:20:52"	8351.5	0	23.7	0.851	294	7.5	1.4	25.99	6	1.42	0	1.42	23.61	25.99	22.14	400.29	368.55	10.615	19.444	36.91	67.61	499.7	1799	59	101.7	2.56	0.00937	1.0	-0.22	2.74	1.00	0.00	0.16	111115
172	"10:20:53"	8352.0	0	23.7	0.851	294	7.5	1.4	25.99	6	1.42	0	1.42	23.61	25.99	22.14	400.27	368.55	10.615	19.443	36.91	67.60	499.7	1799	60	101.7	2.56	0.00937	1.0	-0.22	2.74	1.00	0.00	0.16	111115
173	"10:20:53"	8353.0	0	23.5	0.85	295	7.5	1.4	25.99	6	1.42	0	1.42	23.61	25.99	22.15	400.21	368.62	10.615	19.441	36.91	67.59	499.7	1799	60	101.7	2.56	0.00937	1.0	-0.22	2.74	1.00	0.00	0.16	111115
174	"10:20:54"	8353.5	0	23.5	0.85	295	7.49	1.4	25.99	6	1.42	0	1.42	23.61	25.99	22.15	400.23	368.65	10.615	19.440	36.90	67.59	499.7	1799	60	101.7	2.56	0.00937	1.0	-0.22	2.74	1.00	0.00	0.16	111115
175	"10:20:55"	8354.5	0	23.7	0.849	294	7.49	1.4	25.99	6	1.42	0	1.42	23.61	25.99	22.15	400.42	368.69	10.614	19.438	36.90	67.57	499.7	1799	60	101.7	2.56	0.00937	1.0	-0.22	2.74	1.00	0.00	0.16	111115
"10:23:39 plot2-4"
176	"10:25:15"	8613.5	0	33.4	0.629	1.4E+03	6.6	1.5	26.11	6	1.42	0	1.42	23.57	26.11	22.14	1600.31	1547.95	10.868	18.649	37.86	64.97	499.7	1798	59	101.7	-5.18	0.0381	0.7	-0.22	2.74	1.00	0.00	0.16	111115
177	"10:25:16"	8614.5	0	33.5	0.628	1.4E+03	6.6	1.5	26.11	6	1.42	0	1.42	23.57	26.11	22.14	1600.51	1548.02	10.867	18.642	37.86	64.94	499.7	1798	59	101.7	-5.18	0.0381	0.7	-0.22	2.74	1.00	0.00	0.16	111115
178	"10:25:17"	8615.5	0	33.6	0.626	1.4E+03	6.59	1.5	26.11	6	1.42	0	1.42	23.57	26.11	22.14	1600.72	1548.14	10.868	18.637	37.86	64.93	499.6	1799	59	101.7	-5.18	0.0381	0.7	-0.22	2.74	1.00	0.00	0.16	111115
179	"10:25:18"	8617.0	0	33.5	0.625	1.4E+03	6.59	1.5	26.11	6	1.42	0	1.42	23.57	26.11	22.14	1600.90	1548.45	10.868	18.630	37.86	64.90	499.6	1799	60	101.7	-5.18	0.0381	0.7	-0.22	2.74	1.00	0.00	0.16	111115
180	"10:25:19"	8618.0	0	33.1	0.625	1.4E+03	6.58	1.5	26.11	6	1.42	0	1.42	23.57	26.11	22.14	1600.67	1548.64	10.867	18.625	37.86	64.88	499.6	1800	60	101.7	-5.18	0.0381	0.7	-0.22	2.74	1.00	0.00	0.16	111115
"10:27:55 plot2-6"
181	"10:29:53"	8891.5	0	18.9	0.504	288	5.88	1.57	26.18	6	1.42	0	1.42	23.39	26.18	22.05	399.67	374.38	11.211	18.138	39.48	63.88	499.7	1800	1326	101.7	2.07	0.0357	1.0	-0.22	2.74	1.00	0.00	0.16	111115
182	"10:29:53"	8892.5	0	18.9	0.504	288	5.88	1.56	26.17	6	1.42	0	1.42	23.39	26.17	22.05	399.71	374.33	11.210	18.138	39.48	63.88	499.7	1800	1326	101.7	2.07	0.0357	1.0	-0.22	2.74	1.00	0.00	0.16	111115
183	"10:29:54"	8893.5	0	19.1	0.504	287	5.88	1.56	26.17	6	1.42	0	1.42	23.39	26.17	22.05	399.94	374.33	11.209	18.137	39.48	63.88	499.7	1800	1327	101.7	2.07	0.0357	1.0	-0.22	2.74	1.00	0.00	0.16	111115
184	"10:30:05"	8904.5	0	19	0.501	287	5.86	1.57	26.16	6	1.42	0	1.42	23.38	26.16	22.05	399.72	374.31	11.199	18.105	39.47	63.80	499.7	1800	1326	101.7	2.07	0.0357	1.0	-0.22	2.74	1.00	0.00	0.16	111115
185	"10:30:07"	8906.0	0	19.3	0.501	286	5.86	1.57	26.16	6	1.42	0	1.42	23.38	26.16	22.05	400.12	374.32	11.196	18.102	39.46	63.80	499.6	1800	1326	101.7	2.07	0.0357	1.0	-0.22	2.74	1.00	0.00	0.16	111115
186	"10:34:27"	9166.5	0	26.7	0.403	1.39E+03	4.87	1.54	26.45	6	1.42	0	1.42	23.43	26.45	22.08	1599.79	1558.63	13.242	18.983	46.54	66.71	499.7	1799	1361	101.7	-5.76	0.0546	0.7	-0.22	2.74	1.00	0.00	0.16	111115
187	"10:34:28"	9167.5	0	26.7	0.403	1.39E+03	4.87	1.54	26.45	6	1.42	0	1.42	23.43	26.45	22.08	1599.72	1558.53	13.239	18.979	46.52	66.69	499.7	1799	1362	101.7	-5.76	0.0546	0.7	-0.22	2.74	1.00	0.00	0.16	111115
188	"10:34:29"	9168.5	0	26.8	0.403	1.39E+03	4.87	1.54	26.46	6	1.42	0	1.42	23.43	26.46	22.08	1599.66	1558.40	13.236	18.976	46.51	66.68	499.7	1799	1362	101.7	-5.76	0.0546	0.7	-0.22	2.74	1.00	0.00	0.16	111115
189	"10:34:30"	9169.5	0	26.8	0.402	1.39E+03	4.87	1.54	26.46	6	1.42	0	1.42	23.43	26.46	22.08	1599.63	1558.30	13.232	18.971	46.49	66.65	499.7	1799	1362	101.7	-5.76	0.0546	0.7	-0.22	2.74	1.00	0.00	0.16	111115
190	"10:34:31"	9170.5	0	26.9	0.402	1.39E+03	4.87	1.54	26.47	6	1.42	0	1.42	23.43	26.47	22.08	1599.68	1558.23	13.230	18.969	46.48	66.64	499.7	1799	1362	101.7	-5.76	0.0546	0.7	-0.22	2.74	1.00	0.00	0.16	111115
"10:35:46 plot2-8"
191	"10:37:11"	9330.0	0	14.5	0.387	298	4.75	1.55	26.60	6	1.42	0	1.42	23.46	26.60	22.04	400.04	380.48	13.572	19.169	47.61	67.25	499.8	1799	400	101.7	2.29	0.0687	1.0	-0.22	2.74	1.00	0.00	0.16	111115
192	"10:37:11"	9330.5	0	14.4	0.387	299	4.75	1.55	26.60	6	1.42	0	1.42	23.46	26.60	22.04	399.95	380.49	13.573	19.169	47.62	67.25	499.7	1799	400	101.7	2.29	0.0687	1.0	-0.22	2.74	1.00	0.00	0.16	111115
193	"10:37:12"	9331.5	0	14.2	0.387	300	4.75	1.55	26.59	6	1.42	0	1.42	23.46	26.59	22.04	399.77	380.50	13.578	19.169	47.63	67.25	499.8	1799	401	101.7	2.29	0.0687	0.7	-0.22	2.74	1.00	0.00	0.16	111115
194	"10:37:14"	9333.0	0	14.3	0.386	299	4.74	1.55	26.60	6	1.42	0	1.42	23.45	26.60	22.05	399.79	380.48	13.583	19.168	47.65	67.25	499.7	1799	401	101.7	2.29	0.0687	0.7	-0.22	2.74	1.00	0.00	0.16	111115
195	"10:37:15"	9334.0	0	14.3	0.386	299	4.74	1.55	26.60	6	1.42	0	1.42	23.45	26.60	22.05	399.83	380.47	13.586	19.165	47.66	67.24	499.7	1799	400	101.7	2.29	0.0687	0.7	-0.22	2.74	1.00	0.00	0.16	111115
196	"10:41:26"	9585.5	0	21.2	0.248	1.37E+03	3.55	1.66	26.84	6	1.42	0	1.42	23.46	26.84	22.08	1599.03	1566.82	14.315	18.504	50.22	64.91	499.6	1799	403	101.7	-6.05	0.0763	0.7	-0.22	2.74	1.00	0.00	0.16	111115
197	"10:41:27"	9586.0	0	21.4	0.248	1.37E+03	3.55	1.67	26.84	6	1.42	0	1.42	23.46	26.84	22.09	1599.09	1566.72	14.317	18.501	50.22	64.90	499.6	1799	403	101.7	-6.05	0.0763	0.7	-0.22	2.74	1.00	0.00	0.16	111115
198	"10:41:43"	9602.5	0	22.1	0.236	1.36E+03	3.45	1.68	26.90	6	1.42	0	1.42	23.48	26.90	22.09	1598.83	1565.81	14.363	18.429	50.31	64.55	499.7	1800	403	101.7	-6.05	0.0763	0.7	-0.22	2.74	1.00	0.00	0.16	111115
199	"10:41:44"	9603.0	0	22.2	0.236	1.36E+03	3.45	1.68	26.90	6	1.42	0	1.42	23.48	26.90	22.09	1598.86	1565.76	14.365	18.425	50.32	64.54	499.7	1800	403	101.7	-6.05	0.0763	0.7	-0.22	2.74	1.00	0.00	0.16	111115
200	"10:41:44"	9603.5	0	22.2	0.236	1.35E+03	3.44	1.68	26.90	6	1.42	0	1.42	23.48	26.90	22.09	1598.87	1565.77	14.366	18.423	50.32	64.54	499.7	1800	403	101.7	-6.05	0.0763	0.7	-0.22	2.74	1.00	0.00	0.16	111115
201	"10:41:45"	9604.5	0	22.2	0.235	1.35E+03	3.43	1.68	26.90	6	1.42	0	1.42	23.48	26.90	22.09	1598.81	1565.68	14.369	18.417	50.33	64.51	499.7	1800	403	101.7	-6.05	0.0763	0.7	-0.22	2.74	1.00	0.00	0.16	111115
202	"10:41:46"	9605.0	0	22.2	0.235	1.35E+03	3.43	1.69	26.90	6	1.42	0	1.42	23.48	26.90	22.09	1598.77	1565.69	14.371	18.415	50.34	64.51	499.7	1800	403	101.7	-6.05	0.0763	0.7	-0.22	2.74	1.00	0.00	0.16	111115
"10:42:10 extra logs 2-8  1600"
"10:44:42 plot2-7"
203	"10:46:21"	9880.5	0	17.7	0.301	256	4.12	1.64	27.08	6	1.42	0	1.42	23.73	27.08	22.35	398.93	375.79	14.392	19.245	49.66	66.41	499.7	1800	813	101.7	2.09	0.0589	1.0	-0.22	2.74	1.00	0.00	0.16	111115
204	"10:46:22"	9881.0	0	17.7	0.301	256	4.12	1.64	27.08	6	1.42	0	1.42	23.73	27.08	22.35	398.96	375.80	14.390	19.243	49.66	66.40	499.7	1800	797	101.7	2.09	0.0589	1.0	-0.22	2.74	1.00	0.00	0.16	111115
205	"10:46:22"	9882.0	0	17.8	0.301	256	4.12	1.64	27.08	6	1.42	0	1.42	23.73	27.08	22.35	399.03	375.81	14.386	19.238	49.65	66.39	499.6	1800	726	101.7	2.09	0.0589	1.0	-0.22	2.74	1.00	0.00	0.16	111115
206	"10:46:23"	9882.5	0	17.8	0.301	256	4.12	1.64	27.08	6	1.42	0	1.42	23.73	27.08	22.35	399.04	375.82	14.385	19.234	49.64	66.38	499.5	1800	682	101.7	2.09	0.0589	1.0	-0.22	2.74	1.00	0.00	0.16	111115
207	"10:46:24"	9883.0	0	17.8	0.301	256	4.12	1.64	27.07	6	1.42	0	1.42	23.73	27.07	22.35	399.07	375.83	14.384	19.232	49.64	66.37	499.5	1800	637	101.7	2.09	0.0589	1.0	-0.22	2.74	1.00	0.00	0.16	111115
208	"10:50:28"	10127.5	0	33.4	0.245	1.27E+03	3.51	1.66	26.82	6	1.42	0	1.42	23.40	26.82	22.07	1599.58	1552.87	14.367	18.507	50.56	65.12	499.7	1800	425	101.7	-6.32	0.0691	0.7	-0.22	2.74	1.00	0.00	0.16	111115
209	"10:50:28"	10128.0	0	33.4	0.245	1.27E+03	3.51	1.66	26.82	6	1.42	0	1.42	23.40	26.82	22.07	1599.57	1552.90	14.365	18.504	50.55	65.12	499.7	1800	425	101.7	-6.32	0.0691	0.7	-0.22	2.74	1.00	0.00	0.16	111115
210	"10:50:29"	10128.5	0	33.4	0.245	1.27E+03	3.51	1.66	26.82	6	1.42	0	1.42	23.40	26.82	22.07	1599.55	1552.92	14.364	18.502	50.55	65.11	499.7	1800	424	101.7	-6.32	0.0691	0.7	-0.22	2.74	1.00	0.00	0.16	111115
211	"10:50:30"	10129.5	0	33.4	0.245	1.27E+03	3.51	1.66	26.82	6	1.42	0	1.42	23.40	26.82	22.07	1599.46	1552.83	14.360	18.499	50.54	65.11	499.7	1800	423	101.7	-6.32	0.0691	0.7	-0.22	2.74	1.00	0.00	0.16	111115
212	"10:50:31"	10130.0	0	33.4	0.245	1.27E+03	3.51	1.66	26.82	6	1.42	0	1.42	23.40	26.82	22.07	1599.45	1552.83	14.358	18.498	50.54	65.11	499.7	1800	423	101.7	-6.32	0.0691	0.7	-0.22	2.74	1.00	0.00	0.16	111115
"10:55:35 plot5-1"
"10:56:19 plor5-2(no 5-1)"
213	"10:57:37"	10556.5	0	11.9	0.262	291	3.51	1.57	25.97	6	1.42	0	1.42	22.44	25.97	21.07	399.17	383.25	13.518	17.656	50.42	65.85	499.7	1800	180	101.7	2.05	0.0853	1.0	-0.22	2.74	1.00	0.00	0.16	111115
214	"10:57:38"	10557.0	0	12	0.262	290	3.51	1.57	25.97	6	1.42	0	1.42	22.44	25.97	21.07	399.27	383.27	13.518	17.655	50.42	65.85	499.6	1800	178	101.7	2.05	0.0853	1.0	-0.22	2.74	1.00	0.00	0.16	111115
215	"10:57:38"	10558.0	0	12.1	0.262	289	3.51	1.57	25.96	6	1.42	0	1.42	22.44	25.96	21.07	399.46	383.30	13.516	17.654	50.42	65.85	499.7	1800	176	101.7	2.05	0.0853	1.0	-0.22	2.74	1.00	0.00	0.16	111115
216	"10:57:39"	10558.5	0	12.2	0.262	289	3.51	1.57	25.95	6	1.42	0	1.42	22.44	25.95	21.07	399.52	383.31	13.516	17.654	50.42	65.86	499.7	1800	176	101.7	2.05	0.0853	1.0	-0.22	2.74	1.00	0.00	0.16	111115
217	"10:57:40"	10560.0	0	12.1	0.263	290	3.51	1.57	25.93	6	1.42	0	1.42	22.44	25.93	21.07	399.51	383.40	13.515	17.654	50.42	65.86	499.8	1800	176	101.7	2.05	0.0853	1.0	-0.22	2.74	1.00	0.00	0.16	111115
218	"11:01:36"	10795.0	0	15.7	0.25	1.42E+03	3.45	1.61	26.06	6	1.42	0	1.42	22.47	26.06	21.09	1600.54	1575.17	13.407	17.479	49.90	65.06	499.7	1799	127	101.6	-6.32	0.0916	0.7	-0.22	2.74	1.00	0.00	0.16	111115
219	"11:01:37"	10796.0	0	15.6	0.25	1.42E+03	3.45	1.61	26.06	6	1.42	0	1.42	22.47	26.06	21.09	1600.48	1575.18	13.405	17.476	49.90	65.05	499.7	1799	126	101.6	-6.32	0.0916	0.7	-0.22	2.74	1.00	0.00	0.16	111115
220	"11:01:38"	10797.0	0	15.6	0.249	1.42E+03	3.45	1.61	26.06	6	1.42	0	1.42	22.47	26.06	21.09	1600.43	1575.22	13.403	17.472	49.89	65.03	499.7	1799	126	101.6	-6.32	0.0916	1.0	-0.22	2.74	1.00	0.00	0.16	111115
221	"11:01:39"	10798.0	0	15.6	0.249	1.42E+03	3.45	1.61	26.07	6	1.42	0	1.42	22.47	26.07	21.09	1600.36	1575.15	13.401	17.467	49.88	65.02	499.7	1799	125	101.6	-6.32	0.0916	1.0	-0.22	2.74	1.00	0.00	0.16	111115
222	"11:01:40"	10799.0	0	15.6	0.249	1.42E+03	3.44	1.61	26.07	6	1.42	0	1.42	22.47	26.07	21.08	1600.32	1575.11	13.400	17.463	49.88	65.01	499.7	1799	124	101.6	-6.32	0.0916	1.0	-0.22	2.74	1.00	0.00	0.16	111115
"11:02:50 plot5-3"
223	"11:03:52"	10931.5	0	16.8	0.31	267	3.85	1.5	25.71	6	1.42	0	1.42	22.41	25.71	21.09	399.04	377.12	13.359	17.901	49.90	66.87	499.7	1800	427	101.6	2.44	0.0863	0.7	-0.22	2.74	1.00	0.00	0.16	111115
224	"11:03:53"	10932.0	0	16.8	0.31	266	3.85	1.5	25.71	6	1.42	0	1.42	22.41	25.71	21.09	399.07	377.09	13.358	17.898	49.90	66.86	499.7	1800	431	101.6	2.44	0.0863	1.0	-0.22	2.74	1.00	0.00	0.16	111115
225	"11:03:53"	10933.0	0	16.9	0.31	266	3.85	1.5	25.71	6	1.42	0	1.42	22.41	25.71	21.09	399.07	377.08	13.357	17.893	49.90	66.84	499.6	1800	433	101.6	2.44	0.0863	1.0	-0.22	2.74	1.00	0.00	0.16	111115
226	"11:03:54"	10933.5	0	16.8	0.31	266	3.85	1.5	25.71	6	1.42	0	1.42	22.41	25.71	21.09	399.05	377.10	13.356	17.893	49.90	66.85	499.6	1800	433	101.6	2.44	0.0863	1.0	-0.22	2.74	1.00	0.00	0.16	111115
227	"11:03:55"	10934.0	0	16.9	0.31	266	3.84	1.5	25.71	6	1.42	0	1.42	22.41	25.71	21.09	399.06	377.08	13.356	17.890	49.90	66.84	499.6	1800	433	101.6	2.44	0.0863	1.0	-0.22	2.74	1.00	0.00	0.16	111115
228	"11:07:35"	11154.5	0	25.8	0.202	1.3E+03	2.95	1.65	25.89	6	1.42	0	1.42	22.39	25.89	21.09	1599.02	1562.49	13.218	16.698	49.45	62.46	499.7	1800	552	101.6	-5.71	0.105	0.7	-0.22	2.74	1.00	0.00	0.16	111115
229	"11:07:35"	11155.0	0	25.9	0.202	1.29E+03	2.95	1.65	25.88	6	1.42	0	1.42	22.39	25.88	21.09	1599.03	1562.43	13.217	16.697	49.44	62.45	499.7	1800	553	101.6	-5.71	0.105	0.7	-0.22	2.74	1.00	0.00	0.16	111115
230	"11:07:36"	11156.0	0	26	0.201	1.29E+03	2.94	1.65	25.88	6	1.42	0	1.42	22.39	25.88	21.09	1599.01	1562.24	13.215	16.690	49.43	62.43	499.7	1800	553	101.6	-5.71	0.105	0.7	-0.22	2.74	1.00	0.00	0.16	111115
231	"11:08:06"	11185.5	0	26.8	0.191	1.27E+03	2.84	1.67	25.91	6	1.42	0	1.42	22.40	25.91	21.09	1599.07	1561.56	13.204	16.557	49.36	61.90	499.7	1800	574	101.6	-5.71	0.105	1.0	-0.22	2.74	1.00	0.00	0.16	111115
232	"11:08:07"	11186.5	0	27	0.19	1.27E+03	2.84	1.67	25.91	6	1.42	0	1.42	22.40	25.91	21.09	1599.18	1561.49	13.202	16.552	49.36	61.88	499.7	1800	572	101.6	-5.71	0.105	1.0	-0.22	2.74	1.00	0.00	0.16	111115
233	"11:08:07"	11187.0	0	27	0.19	1.27E+03	2.83	1.68	25.91	6	1.42	0	1.42	22.40	25.91	21.09	1599.27	1561.54	13.202	16.550	49.36	61.87	499.7	1800	572	101.6	-5.71	0.105	1.0	-0.22	2.74	1.00	0.00	0.16	111115
234	"11:08:08"	11187.5	0	27	0.19	1.27E+03	2.83	1.68	25.92	6	1.42	0	1.42	22.40	25.92	21.09	1599.33	1561.62	13.203	16.548	49.36	61.86	499.6	1800	573	101.6	-5.71	0.105	1.0	-0.22	2.74	1.00	0.00	0.16	111115
235	"11:08:09"	11188.5	0	27.1	0.189	1.27E+03	2.83	1.68	25.92	6	1.42	0	1.42	22.40	25.92	21.09	1599.54	1561.72	13.204	16.545	49.36	61.84	499.7	1800	573	101.6	-5.71	0.105	0.7	-0.22	2.74	1.00	0.00	0.16	111115
"11:08:26 extra log 5-3 1600"
"11:10:04 plot5-4"
236	"11:12:32"	11451.5	0	14.8	0.907	332	6.51	1.16	25.38	6	1.42	0	1.42	22.67	25.38	21.23	399.50	378.82	12.890	20.549	47.40	75.56	499.7	1800	159	101.6	2.81	0.0543	0.7	-0.22	2.74	1.00	0.00	0.16	111115
237	"11:12:33"	11452.0	0	14.8	0.907	332	6.51	1.16	25.38	6	1.42	0	1.42	22.67	25.38	21.23	399.51	378.79	12.891	20.548	47.40	75.56	499.7	1800	159	101.6	2.81	0.0543	0.7	-0.22	2.74	1.00	0.00	0.16	111115
238	"11:12:33"	11453.0	0	14.8	0.907	332	6.51	1.16	25.38	6	1.42	0	1.42	22.67	25.38	21.23	399.53	378.76	12.890	20.545	47.40	75.54	499.7	1800	159	101.6	2.81	0.0543	1.0	-0.22	2.74	1.00	0.00	0.16	111115
239	"11:12:34"	11453.5	0	14.8	0.906	332	6.51	1.16	25.38	6	1.42	0	1.42	22.67	25.38	21.23	399.53	378.76	12.890	20.544	47.40	75.54	499.7	1800	159	101.6	2.81	0.0543	1.0	-0.22	2.74	1.00	0.00	0.16	111115
240	"11:12:35"	11454.5	0	14.9	0.905	332	6.51	1.16	25.38	6	1.42	0	1.42	22.67	25.38	21.23	399.53	378.73	12.890	20.541	47.40	75.53	499.7	1801	159	101.6	2.81	0.0543	1.0	-0.22	2.74	1.00	0.00	0.16	111115
241	"11:17:11"	11730.5	0	18.1	0.708	1.48E+03	5.77	1.21	25.42	6	1.42	0	1.42	22.60	25.42	21.17	1600.05	1567.45	13.397	20.186	49.47	74.54	499.7	1801	211	101.6	-4.71	0.0632	0.7	-0.22	2.74	1.00	0.00	0.16	111115
242	"11:17:12"	11731.5	0	18.1	0.707	1.48E+03	5.77	1.21	25.42	6	1.42	0	1.42	22.60	25.42	21.17	1599.95	1567.37	13.397	20.182	49.48	74.53	499.7	1801	211	101.6	-4.71	0.0632	0.7	-0.22	2.74	1.00	0.00	0.16	111115
243	"11:17:12"	11732.0	0	18	0.706	1.48E+03	5.76	1.21	25.42	6	1.42	0	1.42	22.60	25.42	21.17	1599.93	1567.43	13.399	20.180	49.49	74.53	499.7	1801	211	101.6	-4.71	0.0632	0.7	-0.22	2.74	1.00	0.00	0.16	111115
244	"11:17:13"	11732.5	0	18	0.705	1.48E+03	5.76	1.21	25.42	6	1.42	0	1.42	22.59	25.42	21.17	1599.88	1567.40	13.399	20.176	49.49	74.52	499.7	1801	211	101.6	-4.71	0.0632	0.7	-0.22	2.74	1.00	0.00	0.16	111115
245	"11:17:14"	11733.5	0	18.2	0.704	1.48E+03	5.76	1.21	25.42	6	1.42	0	1.42	22.59	25.42	21.17	1599.88	1567.25	13.400	20.171	49.50	74.52	499.7	1801	211	101.6	-4.71	0.0632	0.7	-0.22	2.74	1.00	0.00	0.16	111115
"11:18:49 plot5-5"
246	"11:20:55"	11954.5	0	13.3	0.333	298	3.85	1.42	25.96	6	1.42	0	1.42	22.75	25.96	21.33	399.95	382.19	14.671	19.209	53.69	70.30	499.6	1800	353	101.6	2.82	0.0875	1.0	-0.22	2.74	1.00	0.00	0.16	111115
247	"11:20:56"	11955.0	0	13.3	0.333	298	3.85	1.41	25.96	6	1.42	0	1.42	22.75	25.96	21.33	400.00	382.22	14.672	19.210	53.70	70.30	499.6	1800	352	101.6	2.82	0.0875	1.0	-0.22	2.74	1.00	0.00	0.16	111115
248	"11:20:57"	11955.5	0	13.3	0.333	298	3.85	1.41	25.95	6	1.42	0	1.42	22.75	25.95	21.33	400.00	382.25	14.673	19.210	53.70	70.30	499.6	1800	352	101.6	2.82	0.0875	1.0	-0.22	2.74	1.00	0.00	0.16	111115
249	"11:20:57"	11956.0	0	13.3	0.333	298	3.85	1.41	25.95	6	1.42	0	1.42	22.75	25.95	21.33	399.99	382.26	14.673	19.210	53.70	70.30	499.7	1800	352	101.6	2.82	0.0875	1.0	-0.22	2.74	1.00	0.00	0.16	111115
250	"11:20:58"	11956.5	0	13.3	0.333	298	3.85	1.41	25.95	6	1.42	0	1.42	22.75	25.95	21.33	399.97	382.28	14.673	19.211	53.70	70.31	499.6	1800	352	101.6	2.82	0.0875	1.0	-0.22	2.74	1.00	0.00	0.16	111115
251	"11:24:47"	12186.5	0	17.5	0.292	1.42E+03	3.6	1.47	26.22	6	1.42	0	1.42	22.91	26.22	21.46	1599.22	1571.42	14.946	19.187	54.15	69.52	499.7	1800	384	101.6	-4.81	0.0926	0.7	-0.22	2.74	1.00	0.00	0.16	111115
252	"11:24:48"	12187.0	0	17.6	0.292	1.42E+03	3.6	1.47	26.22	6	1.42	0	1.42	22.91	26.22	21.46	1599.35	1571.41	14.945	19.186	54.15	69.52	499.6	1800	386	101.6	-4.81	0.0926	0.7	-0.22	2.74	1.00	0.00	0.16	111115
253	"11:24:50"	12189.0	0	18	0.293	1.42E+03	3.6	1.47	26.20	6	1.42	0	1.42	22.91	26.20	21.46	1599.81	1571.46	14.947	19.182	54.16	69.51	499.7	1800	417	101.6	-4.81	0.0926	1.0	-0.22	2.74	1.00	0.00	0.16	111115
254	"11:24:50"	12189.5	0	18	0.292	1.42E+03	3.59	1.47	26.21	6	1.42	0	1.42	22.91	26.21	21.46	1599.84	1571.42	14.947	19.181	54.17	69.51	499.7	1800	429	101.6	-4.81	0.0926	1.0	-0.22	2.74	1.00	0.00	0.16	111115
255	"11:24:51"	12190.5	0	18	0.292	1.42E+03	3.59	1.47	26.20	6	1.42	0	1.42	22.91	26.20	21.46	1599.76	1571.37	14.949	19.178	54.17	69.50	499.7	1800	448	101.6	-4.81	0.0926	1.0	-0.22	2.74	1.00	0.00	0.16	111115
256	"11:25:44"	12243.5	0	20.4	0.269	1.39E+03	3.42	1.49	26.30	6	1.42	0	1.42	22.95	26.30	21.53	1600.08	1569.18	15.066	19.093	54.44	68.99	499.7	1800	738	101.6	-4.81	0.0926	0.7	-0.22	2.74	1.00	0.00	0.16	111115
257	"11:25:45"	12244.0	0	20.2	0.269	1.39E+03	3.42	1.49	26.29	6	1.42	0	1.42	22.96	26.29	21.53	1599.97	1569.22	15.068	19.093	54.44	68.98	499.7	1800	743	101.6	-4.81	0.0926	0.7	-0.22	2.74	1.00	0.00	0.16	111115
258	"11:25:45"	12244.5	0	20.1	0.269	1.4E+03	3.42	1.49	26.29	6	1.42	0	1.42	22.96	26.29	21.53	1599.82	1569.24	15.069	19.094	54.44	68.98	499.7	1800	747	101.6	-4.81	0.0926	0.7	-0.22	2.74	1.00	0.00	0.16	111115
259	"11:25:46"	12245.0	0	19.9	0.269	1.4E+03	3.42	1.49	26.29	6	1.42	0	1.42	22.96	26.29	21.53	1599.62	1569.26	15.071	19.094	54.44	68.97	499.7	1800	750	101.6	-4.81	0.0926	0.7	-0.22	2.74	1.00	0.00	0.16	111115
260	"11:25:47"	12246.0	0	19.6	0.269	1.4E+03	3.41	1.49	26.29	6	1.42	0	1.42	22.96	26.29	21.54	1599.23	1569.25	15.074	19.094	54.44	68.96	499.7	1800	754	101.6	-4.81	0.0926	0.7	-0.22	2.74	1.00	0.00	0.16	111115
"11:26:05 extra log 5-5 1600"
261	"11:30:56"	12555.5	0	20.7	0.896	310	5.84	1.05	25.84	6	1.42	0	1.42	23.32	25.84	21.89	400.15	372.66	15.717	22.564	55.54	79.74	499.8	1801	1960	101.6	3.17	0.0254	1.0	-0.22	2.74	1.00	0.00	0.16	111115
262	"11:30:57"	12556.0	0	20.8	0.896	310	5.84	1.05	25.84	6	1.42	0	1.42	23.32	25.84	21.89	400.20	372.66	15.717	22.565	55.54	79.74	499.7	1801	1958	101.6	3.17	0.0254	1.0	-0.22	2.74	1.00	0.00	0.16	111115
263	"11:30:57"	12556.5	0	20.8	0.896	310	5.84	1.05	25.84	6	1.42	0	1.42	23.32	25.84	21.89	400.27	372.64	15.717	22.567	55.54	79.74	499.7	1800	1962	101.6	3.17	0.0254	1.0	-0.22	2.74	1.00	0.00	0.16	111115
264	"11:30:58"	12557.5	0	20.9	0.896	310	5.84	1.05	25.84	6	1.42	0	1.42	23.32	25.84	21.89	400.39	372.67	15.718	22.569	55.54	79.74	499.7	1800	1985	101.6	3.17	0.0254	1.0	-0.22	2.74	1.00	0.00	0.16	111115
265	"11:30:58"	12558.0	0	20.9	0.896	310	5.84	1.05	25.84	6	1.42	0	1.42	23.32	25.84	21.89	400.40	372.69	15.719	22.570	55.54	79.75	499.7	1800	2001	101.6	3.17	0.0254	1.0	-0.22	2.74	1.00	0.00	0.16	111115
266	"11:35:35"	12834.5	0	30.1	0.891	1.44E+03	5.96	1.07	25.74	6	1.42	0	1.42	23.22	25.74	21.79	1598.56	1551.30	15.130	22.126	53.79	78.66	499.7	1799	810	101.6	-3.78	0.0528	0.7	-0.22	2.74	1.00	0.00	0.16	111115
267	"11:35:36"	12835.0	0	30.1	0.89	1.44E+03	5.95	1.07	25.74	6	1.42	0	1.42	23.22	25.74	21.79	1598.48	1551.29	15.130	22.119	53.79	78.64	499.7	1799	807	101.6	-3.78	0.0528	0.7	-0.22	2.74	1.00	0.00	0.16	111115
268	"11:35:36"	12835.5	0	30	0.89	1.44E+03	5.95	1.07	25.73	6	1.42	0	1.42	23.22	25.73	21.79	1598.43	1551.30	15.130	22.116	53.80	78.63	499.7	1799	804	101.6	-3.78	0.0528	0.7	-0.22	2.74	1.00	0.00	0.16	111115
269	"11:35:37"	12836.0	0	30	0.889	1.44E+03	5.94	1.07	25.73	6	1.42	0	1.42	23.22	25.73	21.79	1598.38	1551.26	15.131	22.111	53.80	78.62	499.6	1799	798	101.6	-3.78	0.0528	0.7	-0.22	2.74	1.00	0.00	0.16	111115
270	"11:35:37"	12837.0	0	30	0.888	1.44E+03	5.94	1.07	25.72	6	1.42	0	1.42	23.22	25.72	21.79	1598.28	1551.20	15.131	22.103	53.80	78.60	499.7	1799	787	101.6	-3.78	0.0528	0.7	-0.22	2.74	1.00	0.00	0.16	111115
"11:37:00 plot5-7"
271	"11:39:22"	13061.5	0	23.7	1.29	310	7.98	1.17	25.78	6	1.42	0	1.42	23.14	25.78	21.71	399.83	367.82	11.939	21.313	42.65	76.13	499.7	1800	850	101.6	3.4	0.0682	1.0	-0.22	2.74	1.00	0.00	0.16	111115
272	"11:39:23"	13062.0	0	23.7	1.29	310	7.98	1.17	25.79	6	1.42	0	1.42	23.14	25.79	21.71	399.81	367.84	11.941	21.315	42.65	76.14	499.7	1800	842	101.6	3.4	0.0682	1.0	-0.22	2.74	1.00	0.00	0.16	111115
273	"11:39:23"	13062.5	0	23.7	1.29	310	7.98	1.17	25.79	6	1.42	0	1.42	23.14	25.79	21.71	399.78	367.85	11.943	21.318	42.66	76.15	499.7	1800	842	101.6	3.4	0.0682	1.0	-0.22	2.74	1.00	0.00	0.16	111115
274	"11:39:24"	13063.0	0	23.6	1.29	310	7.98	1.17	25.79	6	1.42	0	1.42	23.14	25.79	21.71	399.71	367.86	11.944	21.319	42.66	76.15	499.7	1800	846	101.6	3.4	0.0682	1.0	-0.22	2.74	1.00	0.00	0.16	111115
275	"11:39:24"	13063.5	0	23.6	1.29	310	7.98	1.17	25.79	6	1.42	0	1.42	23.14	25.79	21.71	399.69	367.87	11.946	21.319	42.67	76.15	499.7	1800	840	101.6	3.4	0.0682	1.0	-0.22	2.74	1.00	0.00	0.16	111115
276	"11:44:05"	13344.0	0	31.9	1.15	1.44E+03	7.83	1.22	26.57	6	1.42	0	1.42	23.85	26.57	22.43	1600.46	1547.64	13.187	22.379	45.12	76.57	499.7	1800	445	101.6	-4.07	0.0187	0.7	-0.22	2.74	1.00	0.00	0.16	111115
277	"11:44:05"	13344.5	0	31.9	1.15	1.44E+03	7.83	1.22	26.58	6	1.42	0	1.42	23.85	26.58	22.43	1600.46	1547.65	13.189	22.380	45.13	76.58	499.7	1800	446	101.6	-4.07	0.0187	0.7	-0.22	2.74	1.00	0.00	0.16	111115
278	"11:44:06"	13345.0	0	31.8	1.14	1.44E+03	7.83	1.22	26.58	6	1.42	0	1.42	23.85	26.58	22.43	1600.43	1547.69	13.190	22.378	45.13	76.57	499.7	1800	448	101.6	-4.07	0.0187	0.7	-0.22	2.74	1.00	0.00	0.16	111115
279	"11:44:06"	13345.5	0	31.8	1.14	1.44E+03	7.83	1.22	26.58	6	1.42	0	1.42	23.85	26.58	22.43	1600.48	1547.70	13.191	22.378	45.14	76.57	499.6	1800	448	101.6	-4.07	0.0187	0.7	-0.22	2.74	1.00	0.00	0.16	111115
280	"11:44:07"	13346.5	0	31.8	1.14	1.44E+03	7.82	1.22	26.58	6	1.42	0	1.42	23.85	26.58	22.43	1600.47	1547.71	13.195	22.378	45.15	76.57	499.6	1800	454	101.6	-4.07	0.0187	0.7	-0.22	2.74	1.00	0.00	0.16	111115
"11:45:14 plot5-8"
281	"11:46:40"	13499.0	0	13	0.371	305	4.78	1.6	27.11	6	1.42	0	1.42	24.11	27.11	22.69	399.51	381.76	14.075	19.697	47.41	66.35	499.7	1801	2201	101.6	2.43	0.0498	0.7	-0.22	2.74	1.00	0.00	0.16	111115
282	"11:46:40"	13499.5	0	12.9	0.371	305	4.78	1.6	27.11	6	1.42	0	1.42	24.11	27.11	22.69	399.51	381.78	14.079	19.700	47.42	66.35	499.7	1801	2188	101.6	2.43	0.0498	0.7	-0.22	2.74	1.00	0.00	0.16	111115
283	"11:46:41"	13500.0	0	12.9	0.372	305	4.78	1.6	27.11	6	1.42	0	1.42	24.12	27.11	22.69	399.51	381.80	14.082	19.704	47.43	66.36	499.7	1801	2175	101.6	2.43	0.0498	0.7	-0.22	2.74	1.00	0.00	0.16	111115
284	"11:46:41"	13501.0	0	12.9	0.372	305	4.77	1.6	27.10	6	1.42	0	1.42	24.12	27.10	22.69	399.49	381.81	14.088	19.708	47.44	66.37	499.7	1801	2169	101.6	2.43	0.0498	0.7	-0.22	2.74	1.00	0.00	0.16	111115
285	"11:46:42"	13501.5	0	12.9	0.372	305	4.77	1.6	27.10	6	1.42	0	1.42	24.12	27.10	22.69	399.54	381.81	14.091	19.711	47.45	66.37	499.7	1801	2180	101.6	2.43	0.0498	0.7	-0.22	2.74	1.00	0.00	0.16	111115
286	"11:50:53"	13752.5	0	22.2	0.341	1.4E+03	4.37	1.57	27.63	6	1.42	0	1.42	24.63	27.63	23.21	1599.05	1564.14	16.007	21.144	52.26	69.04	499.7	1801	1919	101.6	-4.85	0.0553	1.0	-0.22	2.74	1.00	0.00	0.16	111115
287	"11:50:54"	13753.5	0	22.2	0.341	1.4E+03	4.37	1.57	27.63	6	1.42	0	1.42	24.63	27.63	23.21	1599.04	1564.17	16.014	21.147	52.28	69.04	499.7	1801	1985	101.6	-4.85	0.0553	1.0	-0.22	2.74	1.00	0.00	0.16	111115
288	"11:50:54"	13754.0	0	22.3	0.341	1.4E+03	4.36	1.57	27.63	6	1.42	0	1.42	24.63	27.63	23.21	1599.07	1564.14	16.019	21.149	52.30	69.05	499.7	1801	2014	101.6	-4.85	0.0553	1.0	-0.22	2.74	1.00	0.00	0.16	111115
289	"11:50:55"	13754.5	0	22.3	0.341	1.4E+03	4.36	1.57	27.63	6	1.42	0	1.42	24.63	27.63	23.21	1599.11	1564.10	16.023	21.150	52.31	69.05	499.6	1801	2042	101.6	-4.85	0.0553	1.0	-0.22	2.74	1.00	0.00	0.16	111115
290	"11:50:56"	13755.0	0	22.4	0.34	1.4E+03	4.36	1.57	27.63	6	1.42	0	1.42	24.63	27.63	23.21	1599.24	1564.12	16.028	21.152	52.33	69.05	499.6	1801	2069	101.6	-4.85	0.0553	1.0	-0.22	2.74	1.00	0.00	0.16	111115
"11:55:23 plot3-2"
