"OPEN 6.1.4"
"Thr Mar  7 2013 08:53:52"
<open><version>"6.1.4"</version></open>
<open><configfile>"/User/Configs/UserPrefs/LED 2x3cm2.xml"</configfile></open>
<open><light><source>"6400-02 or -02B LED Source"</source><par_in>1 <sensor>"SI-3297"<cal>-0.93<actinity>1.00</actinity><transm>1.00</transm></cal></sensor><transm>1 </transm></par_in><par_out>1 <sensor>"Q46016"<cal>6.58 </cal></sensor></par_out></light></open>
<open><comps><file>"/User/Configs/Comps/StdComps_6.1"<header>""</header><extras></extras></file><energybal>no<f_parIn>1 </f_parIn><f_parOut>0 </f_parOut><alphaK>0.16</alphaK></energybal><bc_total>2.840<stomatal_ratio>1</stomatal_ratio><bc_oneside>1.420<type>2 </type><table>"/Sys/Lib/StdBLCTable"</table><area>6</area><slope>-0.219565 </slope><offset>2.73739 </offset><fan>5 </fan></bc_oneside></bc_total></comps></open>
<open><prompts><onlog>off</onlog><items>"Default (none)"</items></prompts></open>
<open><constants><oxygen>21 %</oxygen><bb_vapor>1.5 </bb_vapor><bb_oxy>0.9 </bb_oxy></constants></open>
<open><stability><items>"Std Stability"<items[1]><id>-2 </id><size>15 </size><pcv><onoff>0 </onoff><value>1 </value></pcv><std><onoff>0 </onoff><value>1 </value></std><slp><onoff>1 </onoff><value>1 </value></slp></items[1]><items[2]><id>-5 </id><size>15 </size><pcv><onoff>0 </onoff><value>1 </value></pcv><std><onoff>0 </onoff><value>1 </value></std><slp><onoff>1 </onoff><value>1 </value></slp></items[2]><items[3]><id>-7 </id><size>15 </size><pcv><onoff>0 </onoff><value>1 </value></pcv><std><onoff>0 </onoff><value>1 </value></std><slp><onoff>1 </onoff><value>1 </value></slp></items[3]></items></stability></open>
<open><log><format>"StdLogFmt_6.0"<items>{ -35  -21  -36  -76  30  23  36  21  25  221  -33  111  -34  11  -9  -10  -8  -1  -2  -4  -5  -14  -15  -7  -12  -13  -11  -65  -66  -72  -18  -19  -77  -78  -79  -23   }<hdr>{  }</hdr></items></format><options><beep>on</beep><hdr>normal</hdr><rem>normal</rem><stab>no</stab><stats>no<period>15 </period></stats><excel>yes</excel><comm>no</comm></options><datafile>"/User/070313-campany-epot"</datafile><button><action>"Normal Log"<code>" LogOneObsManual "</code></action></button><autoprog>"/User/Configs/AutoProgs/AutoLog"<active>no</active></autoprog></log></open>
<open><a2d><avgtime>4.0 secs</avgtime><userchans><ch20>"Off"</ch20><ch21>"Off"</ch21><ch22>"Off"</ch22><ch23>"Off"</ch23></userchans></a2d></open>
<open><matching><type>0 </type><disp>'a'</disp><settings><CO2Limit>10.0</CO2Limit><H2OLimit>1.0</H2OLimit><MaxAutoTime>60 </MaxAutoTime></settings></matching></open>
<li6400><factory><unit>"PSC-3353"</unit><serviced>"24 Oct 2011"</serviced><fuseaware>0 </fuseaware><co2mixer>yes</co2mixer><co2><coeffs>{ 0  0.216105  1.7794e-05  2.52922e-08  -4.94687e-12  4.66086e-16   }</coeffs><dvdt>-3.4 </dvdt><xs>{ 0.0002  0.0004   }</xs></co2><h2o><coeffs>{ 0  0.00593388  2.0735e-06  1.05204e-10   }</coeffs><dvdt>-1 </dvdt><xs>{ 0.001  -0.0021   }</xs></h2o><flow>{ 0  0.3727   }</flow><press>{ 87.767  0.00552   }</press></factory></li6400>
<li6400><user><flow_zero>-463.4</flow_zero><irga_zero><co2>161.0 -34.2<at>25.8977 </at></co2><h2o>82.9 121.9<at>25.8977 </at></h2o></irga_zero><irga_span><co2>{ 0.990749  0.993265   }</co2><h2o>{ 0.99894  0.999137   }</h2o></irga_span><irga_match><co2>{ 0.526886  -1.46722   }</co2><h2o>{ 0.0978575  -0.489456   }</h2o></irga_match><co2_mixer><pump_mv>4700 </pump_mv><ppm>{ 2202.51  1056.27  417.196  253.614  116.399  68.2193  45.3357  41.6548   }</ppm><mv>{ 5000  3000  1500  1000  500  300  200  100   }</mv></co2_mixer><parin_offset>0 </parin_offset><led_cal><unit>"SI-3297"</unit><mv>{ 10  25  50  100  1000  2000  3000  4000  5000   }</mv><qntm>{ 2.02049  11.9746  29.2668  68.7992  887.761  1762.71  2593.4  3393.4  4155.85   }</qntm></led_cal><lcf_cal><unit>"unknown"</unit><red><mv>{ 50  100  500  1000  1500  5000   }</mv><qntm>{ 50  100  500  1000  2000  5000   }</qntm></red><blue><mv>{ 100  200  500  1000  2000  5000   }</mv><qntm>{ 10  20  50  100  200  500   }</qntm></blue></lcf_cal></user></li6400>
"08:54:04 plot3-5"
$STARTOFDATA$
"Obs"	"HHMMSS"	"FTime"	"EBal?"	"Photo"	"Cond"	"Ci"	"Trmmol"	"VpdL"	"CTleaf"	"Area"	"BLC_1"	"StmRat"	"BLCond"	"Tair"	"Tleaf"	"TBlk"	"CO2R"	"CO2S"	"H2OR"	"H2OS"	"RH_R"	"RH_S"	"Flow"	"PARi"	"PARo"	"Press"	"CsMch"	"HsMch"	"StableF"	"BLCslope"	"BLCoffst"	"f_parin"	"f_parout"	"alphaK"	"Status"
"09:00:11 dew-not start3-5"
"09:00:20 plot3-3"
1	"09:01:54"	510.5	0	12.1	0.249	294	3.01	1.3	25.14	6	1.42	1	2.84	23.96	25.14	23.47	399.83	383.94	15.211	18.757	51.73	63.78	500.0	1800	1580	101.6	0.257	0.183	1.0	-0.22	2.74	1.00	0.00	0.16	111115
2	"09:01:55"	511.5	0	12.1	0.25	294	3.01	1.3	25.14	6	1.42	1	2.84	23.96	25.14	23.47	399.85	383.95	15.220	18.764	51.75	63.80	500.0	1800	1579	101.6	0.257	0.183	1.0	-0.22	2.74	1.00	0.00	0.16	111115
3	"09:01:55"	512.0	0	12.1	0.25	294	3.01	1.3	25.14	6	1.42	1	2.84	23.96	25.14	23.47	399.86	383.95	15.224	18.767	51.76	63.81	500.0	1799	1579	101.6	0.257	0.183	1.0	-0.22	2.74	1.00	0.00	0.16	111115
4	"09:01:56"	513.0	0	12.1	0.25	294	3.01	1.3	25.14	6	1.42	1	2.84	23.96	25.14	23.47	399.79	383.94	15.232	18.773	51.78	63.82	500.0	1800	1580	101.6	0.257	0.183	1.0	-0.22	2.74	1.00	0.00	0.16	111115
5	"09:01:57"	513.5	0	12	0.249	294	3.01	1.3	25.14	6	1.42	1	2.84	23.96	25.14	23.47	399.77	383.98	15.236	18.775	51.80	63.83	500.0	1799	1580	101.6	0.257	0.183	1.0	-0.22	2.74	1.00	0.00	0.16	111115
6	"09:05:17"	713.0	0	20	0.188	1.36E+03	2.3	1.29	25.34	6	1.42	1	2.84	24.02	25.34	23.46	1599.03	1570.64	16.493	19.201	55.89	65.07	499.9	1800	1581	101.6	-11.6	0.0926	0.7	-0.22	2.74	1.00	0.00	0.16	111115
7	"09:05:17"	713.5	0	20	0.188	1.36E+03	2.3	1.29	25.34	6	1.42	1	2.84	24.02	25.34	23.46	1599.02	1570.63	16.497	19.202	55.90	65.07	499.9	1800	1581	101.6	-11.6	0.0926	0.7	-0.22	2.74	1.00	0.00	0.16	111115
8	"09:05:18"	714.0	0	20	0.187	1.36E+03	2.3	1.29	25.34	6	1.42	1	2.84	24.02	25.34	23.46	1599.02	1570.69	16.500	19.204	55.91	65.08	499.9	1800	1581	101.6	-11.6	0.0926	0.7	-0.22	2.74	1.00	0.00	0.16	111115
9	"09:05:18"	714.5	0	20	0.187	1.36E+03	2.3	1.29	25.34	6	1.42	1	2.84	24.02	25.34	23.46	1599.01	1570.72	16.503	19.206	55.92	65.08	499.9	1800	1581	101.6	-11.6	0.0926	0.7	-0.22	2.74	1.00	0.00	0.16	111115
10	"09:05:19"	715.5	0	19.8	0.187	1.36E+03	2.29	1.29	25.34	6	1.42	1	2.84	24.02	25.34	23.46	1598.90	1570.78	16.509	19.209	55.94	65.09	499.9	1799	1581	101.6	-11.6	0.0926	0.7	-0.22	2.74	1.00	0.00	0.16	111115
"09:07:27 plot3-4"
11	"09:08:44"	920.5	0	12.4	0.179	260	2.08	1.23	25.57	6	1.42	1	2.84	24.11	25.57	23.46	399.07	383.18	17.851	20.301	60.17	68.43	499.9	1800	427	101.6	0.187	0.107	1.0	-0.22	2.74	1.00	0.00	0.16	111115
12	"09:08:45"	921.0	0	12.4	0.179	260	2.08	1.23	25.57	6	1.42	1	2.84	24.11	25.57	23.46	399.05	383.20	17.854	20.303	60.18	68.43	500.0	1800	426	101.6	0.187	0.107	1.0	-0.22	2.74	1.00	0.00	0.16	111115
13	"09:08:46"	922.0	0	12.4	0.179	260	2.08	1.23	25.57	6	1.42	1	2.84	24.11	25.57	23.46	399.05	383.19	17.860	20.307	60.20	68.45	499.9	1800	425	101.6	0.187	0.107	1.0	-0.22	2.74	1.00	0.00	0.16	111115
14	"09:08:46"	922.5	0	12.4	0.178	260	2.08	1.23	25.57	6	1.42	1	2.84	24.11	25.57	23.46	399.06	383.20	17.863	20.309	60.21	68.45	500.0	1800	425	101.6	0.187	0.107	1.0	-0.22	2.74	1.00	0.00	0.16	111115
15	"09:08:47"	923.0	0	12.5	0.178	259	2.08	1.23	25.57	6	1.42	1	2.84	24.11	25.57	23.46	399.09	383.18	17.867	20.311	60.22	68.46	499.9	1800	425	101.6	0.187	0.107	1.0	-0.22	2.74	1.00	0.00	0.16	111115
16	"09:12:31"	1148.0	0	21.6	0.159	1.32E+03	1.82	1.19	25.76	6	1.42	1	2.84	24.15	25.76	23.46	1599.77	1570.41	18.887	21.020	63.51	70.68	500.0	1801	404	101.6	-11.8	0.0908	0.7	-0.22	2.74	1.00	0.00	0.16	111115
17	"09:12:32"	1148.5	0	21.7	0.159	1.31E+03	1.81	1.19	25.76	6	1.42	1	2.84	24.15	25.76	23.46	1599.81	1570.39	18.890	21.021	63.51	70.68	499.9	1801	403	101.6	-11.8	0.0908	0.7	-0.22	2.74	1.00	0.00	0.16	111115
18	"09:12:32"	1149.0	0	21.7	0.159	1.31E+03	1.81	1.19	25.76	6	1.42	1	2.84	24.15	25.76	23.46	1599.86	1570.37	18.891	21.021	63.52	70.68	500.0	1801	402	101.6	-11.8	0.0908	0.7	-0.22	2.74	1.00	0.00	0.16	111115
19	"09:12:33"	1149.5	0	21.7	0.159	1.31E+03	1.81	1.19	25.76	6	1.42	1	2.84	24.15	25.76	23.46	1599.89	1570.38	18.892	21.021	63.52	70.68	500.0	1801	401	101.6	-11.8	0.0908	1.0	-0.22	2.74	1.00	0.00	0.16	111115
20	"09:12:34"	1150.0	0	21.7	0.159	1.31E+03	1.81	1.19	25.75	6	1.42	1	2.84	24.15	25.75	23.46	1599.92	1570.42	18.894	21.021	63.53	70.68	500.0	1801	402	101.6	-11.8	0.0908	1.0	-0.22	2.74	1.00	0.00	0.16	111115
"09:17:29 plot3-6"
21	"09:17:43"	1460.0	0	23.2	0.691	301	4.26	0.757	25.44	6	1.42	1	2.84	24.11	25.44	23.45	399.22	369.52	19.673	24.662	66.29	83.10	499.9	1801	141	101.6	0.65	0.0777	1.0	-0.22	2.74	1.00	0.00	0.16	111115
22	"09:17:44"	1460.5	0	23.2	0.691	301	4.26	0.758	25.44	6	1.42	1	2.84	24.11	25.44	23.45	399.20	369.51	19.674	24.663	66.30	83.11	499.9	1801	141	101.6	0.65	0.0777	1.0	-0.22	2.74	1.00	0.00	0.16	111115
23	"09:17:45"	1461.5	0	23.2	0.69	301	4.26	0.757	25.44	6	1.42	1	2.84	24.11	25.44	23.45	399.22	369.53	19.679	24.663	66.31	83.11	499.9	1801	141	101.6	0.65	0.0777	1.0	-0.22	2.74	1.00	0.00	0.16	111115
24	"09:17:45"	1462.0	0	23.2	0.69	301	4.26	0.757	25.44	6	1.42	1	2.84	24.11	25.44	23.45	399.24	369.54	19.680	24.664	66.32	83.11	499.9	1801	141	101.6	0.65	0.0777	1.0	-0.22	2.74	1.00	0.00	0.16	111115
25	"09:17:46"	1462.5	0	23.2	0.69	301	4.26	0.757	25.44	6	1.42	1	2.84	24.11	25.44	23.45	399.25	369.54	19.681	24.666	66.32	83.12	499.9	1801	141	101.6	0.65	0.0777	1.0	-0.22	2.74	1.00	0.00	0.16	111115
26	"09:22:48"	1764.0	0	31.2	0.656	1.45E+03	3.98	0.737	25.56	6	1.42	1	2.84	24.14	25.56	23.46	1598.54	1553.67	20.440	25.098	68.76	84.42	500.0	1800	141	101.6	-11.1	0.0709	0.7	-0.22	2.74	1.00	0.00	0.16	111115
27	"09:22:48"	1764.5	0	31.3	0.657	1.44E+03	3.98	0.736	25.56	6	1.42	1	2.84	24.14	25.56	23.46	1598.58	1553.62	20.443	25.099	68.76	84.43	500.0	1800	141	101.6	-11.1	0.0709	0.7	-0.22	2.74	1.00	0.00	0.16	111115
28	"09:22:49"	1765.0	0	31.3	0.657	1.44E+03	3.98	0.736	25.56	6	1.42	1	2.84	24.14	25.56	23.45	1598.57	1553.57	20.445	25.100	68.77	84.43	500.0	1800	141	101.6	-11.1	0.0709	0.7	-0.22	2.74	1.00	0.00	0.16	111115
29	"09:22:49"	1765.5	0	31.4	0.657	1.44E+03	3.98	0.736	25.56	6	1.42	1	2.84	24.14	25.56	23.46	1598.65	1553.53	20.446	25.103	68.78	84.44	500.0	1800	141	101.6	-11.1	0.0709	0.7	-0.22	2.74	1.00	0.00	0.16	111115
30	"09:22:50"	1766.0	0	31.4	0.658	1.44E+03	3.98	0.735	25.55	6	1.42	1	2.84	24.14	25.55	23.46	1598.64	1553.51	20.448	25.104	68.78	84.44	499.9	1800	141	101.6	-11.1	0.0709	0.7	-0.22	2.74	1.00	0.00	0.16	111115
"09:24:42 plot3-2"
31	"09:26:02"	1959.0	0	22.5	0.744	308	4.02	0.672	25.54	6	1.42	1	2.84	24.24	25.54	23.45	399.75	370.99	20.998	25.694	70.22	85.92	499.9	1800	939	101.6	0.762	0.107	1.0	-0.22	2.74	1.00	0.00	0.16	111115
32	"09:26:03"	1959.5	0	22.5	0.744	308	4.01	0.672	25.54	6	1.42	1	2.84	24.24	25.54	23.45	399.74	370.97	21.001	25.694	70.22	85.92	499.9	1800	939	101.6	0.762	0.107	1.0	-0.22	2.74	1.00	0.00	0.16	111115
33	"09:26:03"	1960.0	0	22.5	0.745	308	4.01	0.671	25.53	6	1.42	1	2.84	24.24	25.53	23.45	399.75	370.95	21.003	25.695	70.23	85.92	499.8	1800	939	101.6	0.762	0.107	1.0	-0.22	2.74	1.00	0.00	0.16	111115
34	"09:26:04"	1961.0	0	22.5	0.746	308	4.01	0.67	25.53	6	1.42	1	2.84	24.24	25.53	23.45	399.78	370.94	21.007	25.700	70.25	85.94	499.9	1800	939	101.6	0.762	0.107	1.0	-0.22	2.74	1.00	0.00	0.16	111115
35	"09:26:05"	1961.5	0	22.6	0.746	308	4.02	0.67	25.53	6	1.42	1	2.84	24.24	25.53	23.45	399.79	370.93	21.008	25.704	70.25	85.96	499.9	1800	939	101.6	0.762	0.107	1.0	-0.22	2.74	1.00	0.00	0.16	111115
"09:27:28 plot3-2"
36	"09:29:45"	2182.0	0	34.8	0.738	1.44E+03	4.01	0.676	25.58	6	1.42	1	2.84	24.28	25.58	23.46	1600.40	1551.21	21.044	25.737	70.22	85.88	499.9	1799	954	101.6	-11	0.108	1.0	-0.22	2.74	1.00	0.00	0.16	111115
37	"09:29:46"	2182.5	0	34.8	0.737	1.44E+03	4.01	0.676	25.58	6	1.42	1	2.84	24.28	25.58	23.46	1600.42	1551.23	21.045	25.738	70.23	85.89	499.9	1799	954	101.6	-11	0.108	1.0	-0.22	2.74	1.00	0.00	0.16	111115
38	"09:29:46"	2183.0	0	34.8	0.737	1.44E+03	4.01	0.677	25.59	6	1.42	1	2.84	24.28	25.59	23.46	1600.46	1551.25	21.046	25.738	70.23	85.89	499.9	1799	954	101.6	-11	0.108	1.0	-0.22	2.74	1.00	0.00	0.16	111115
39	"09:29:47"	2183.5	0	34.8	0.737	1.44E+03	4.01	0.677	25.58	6	1.42	1	2.84	24.28	25.58	23.46	1600.42	1551.20	21.046	25.738	70.23	85.88	499.9	1799	955	101.6	-11	0.108	1.0	-0.22	2.74	1.00	0.00	0.16	111115
40	"09:29:47"	2184.0	0	34.8	0.736	1.44E+03	4.01	0.677	25.59	6	1.42	1	2.84	24.28	25.59	23.46	1600.41	1551.18	21.047	25.737	70.23	85.88	499.9	1799	955	101.6	-11	0.108	1.0	-0.22	2.74	1.00	0.00	0.16	111115
"09:31:34 plot3-5"
41	"09:36:33"	2590.0	0	19.9	0.42	284	3.5	0.944	25.66	6	1.42	1	2.84	24.29	25.66	23.46	399.45	373.98	19.148	23.250	63.84	77.51	499.9	1799	552	101.6	0.541	0.108	1.0	-0.22	2.74	1.00	0.00	0.16	111115
42	"09:36:33"	2590.5	0	19.9	0.42	284	3.5	0.945	25.66	6	1.42	1	2.84	24.29	25.66	23.46	399.45	373.98	19.148	23.249	63.84	77.51	499.9	1799	552	101.6	0.541	0.108	1.0	-0.22	2.74	1.00	0.00	0.16	111115
43	"09:36:34"	2591.0	0	19.9	0.42	284	3.5	0.945	25.67	6	1.42	1	2.84	24.29	25.67	23.46	399.46	373.98	19.149	23.251	63.84	77.51	499.9	1799	552	101.6	0.541	0.108	1.0	-0.22	2.74	1.00	0.00	0.16	111115
44	"09:36:34"	2591.5	0	20	0.42	283	3.5	0.945	25.67	6	1.42	1	2.84	24.30	25.67	23.46	399.49	373.95	19.149	23.252	63.84	77.51	499.9	1799	552	101.6	0.541	0.108	1.0	-0.22	2.74	1.00	0.00	0.16	111115
45	"09:36:35"	2592.0	0	20	0.42	283	3.5	0.945	25.66	6	1.42	1	2.84	24.30	25.66	23.46	399.52	373.96	19.149	23.252	63.83	77.51	499.9	1799	553	101.6	0.541	0.108	1.0	-0.22	2.74	1.00	0.00	0.16	111115
46	"09:40:27"	2824.0	0	36.3	0.359	1.35E+03	3.21	0.996	25.69	6	1.42	1	2.84	24.29	25.69	23.46	1599.58	1550.05	19.035	22.801	63.47	76.03	499.9	1800	577	101.6	-11.6	0.0871	0.7	-0.22	2.74	1.00	0.00	0.16	111115
47	"09:40:27"	2824.5	0	36.3	0.358	1.35E+03	3.21	0.997	25.69	6	1.42	1	2.84	24.29	25.69	23.46	1599.60	1550.05	19.035	22.797	63.47	76.01	499.9	1800	577	101.6	-11.6	0.0871	0.7	-0.22	2.74	1.00	0.00	0.16	111115
48	"09:40:28"	2825.0	0	36.3	0.358	1.35E+03	3.21	0.997	25.69	6	1.42	1	2.84	24.29	25.69	23.46	1599.62	1550.03	19.034	22.796	63.47	76.01	499.9	1800	577	101.6	-11.6	0.0871	0.7	-0.22	2.74	1.00	0.00	0.16	111115
49	"09:40:28"	2825.5	0	36.3	0.358	1.35E+03	3.21	0.997	25.69	6	1.42	1	2.84	24.29	25.69	23.46	1599.62	1550.08	19.034	22.795	63.47	76.01	499.9	1800	577	101.6	-11.6	0.0871	0.7	-0.22	2.74	1.00	0.00	0.16	111115
50	"09:40:29"	2826.0	0	36.3	0.358	1.35E+03	3.2	0.996	25.69	6	1.42	1	2.84	24.29	25.69	23.46	1599.62	1550.13	19.035	22.793	63.47	76.00	499.9	1800	577	101.6	-11.6	0.0871	0.7	-0.22	2.74	1.00	0.00	0.16	111115
"09:43:31 plot3-1"
51	"09:48:11"	3287.5	0	15.6	0.396	302	4.69	1.34	25.45	6	1.42	1	2.84	22.38	25.45	20.92	400.56	379.74	13.451	18.976	50.33	71.01	499.9	1801	70	101.6	0.0465	0.146	1.0	-0.22	2.74	1.00	0.00	0.16	111115
52	"09:48:11"	3288.0	0	15.6	0.396	302	4.69	1.34	25.45	6	1.42	1	2.84	22.38	25.45	20.92	400.59	379.74	13.452	18.976	50.34	71.01	499.9	1801	70	101.6	0.0465	0.146	1.0	-0.22	2.74	1.00	0.00	0.16	111115
53	"09:48:12"	3288.5	0	15.6	0.396	302	4.69	1.34	25.45	6	1.42	1	2.84	22.38	25.45	20.92	400.63	379.72	13.452	18.974	50.34	71.00	499.9	1801	70	101.6	0.0465	0.146	1.0	-0.22	2.74	1.00	0.00	0.16	111115
54	"09:48:12"	3289.0	0	15.6	0.395	302	4.69	1.34	25.45	6	1.42	1	2.84	22.38	25.45	20.92	400.63	379.73	13.453	18.972	50.34	71.00	499.9	1801	70	101.6	0.0465	0.146	1.0	-0.22	2.74	1.00	0.00	0.16	111115
55	"09:48:13"	3289.5	0	15.7	0.395	301	4.69	1.34	25.45	6	1.42	1	2.84	22.38	25.45	20.92	400.67	379.72	13.454	18.971	50.35	71.00	499.9	1801	71	101.6	0.0465	0.146	1.0	-0.22	2.74	1.00	0.00	0.16	111115
56	"09:52:45"	3562.0	0	21.8	0.389	1.43E+03	4.55	1.32	25.30	6	1.42	1	2.84	22.33	25.30	20.93	1600.36	1565.63	13.504	18.864	50.69	70.80	499.9	1799	71	101.6	-12.5	0.126	0.7	-0.22	2.74	1.00	0.00	0.16	111115
57	"09:52:45"	3562.5	0	21.8	0.388	1.43E+03	4.55	1.32	25.30	6	1.42	1	2.84	22.33	25.30	20.93	1600.35	1565.65	13.505	18.864	50.69	70.80	499.9	1799	71	101.6	-12.5	0.126	0.7	-0.22	2.74	1.00	0.00	0.16	111115
58	"09:52:45"	3562.5	0	21.8	0.388	1.43E+03	4.55	1.32	25.30	6	1.42	1	2.84	22.33	25.30	20.93	1600.35	1565.65	13.505	18.864	50.69	70.80	499.9	1799	71	101.6	-12.5	0.126	0.7	-0.22	2.74	1.00	0.00	0.16	111115
59	"09:52:46"	3563.0	0	21.8	0.388	1.43E+03	4.55	1.32	25.30	6	1.42	1	2.84	22.33	25.30	20.93	1600.38	1565.69	13.506	18.864	50.69	70.80	499.9	1799	71	101.6	-12.5	0.126	0.7	-0.22	2.74	1.00	0.00	0.16	111115
60	"09:52:46"	3563.5	0	21.8	0.388	1.43E+03	4.55	1.32	25.30	6	1.42	1	2.84	22.33	25.30	20.93	1600.34	1565.68	13.506	18.863	50.69	70.80	499.9	1799	71	101.6	-12.5	0.126	0.7	-0.22	2.74	1.00	0.00	0.16	111115
"09:54:45 plot3-7"
61	"09:58:46"	3922.0	0	16.6	0.341	287	3.96	1.28	25.30	5.8	1.46	1	2.93	24.53	25.30	24.05	400.21	379.20	14.715	19.220	48.38	63.19	499.9	1799	1645	101.6	-0.656	0.107	1.0	-0.22	2.74	1.00	0.00	0.16	111115
62	"09:58:46"	3922.5	0	16.6	0.341	287	3.96	1.28	25.30	5.8	1.46	1	2.93	24.53	25.30	24.05	400.18	379.20	14.714	19.220	48.37	63.18	499.9	1799	1645	101.6	-0.656	0.107	1.0	-0.22	2.74	1.00	0.00	0.16	111115
63	"09:58:47"	3923.5	0	16.5	0.341	287	3.96	1.29	25.31	5.8	1.46	1	2.93	24.53	25.31	24.05	400.16	379.25	14.711	19.221	48.35	63.18	499.9	1799	1645	101.6	-0.656	0.107	1.0	-0.22	2.74	1.00	0.00	0.16	111115
64	"09:58:48"	3924.0	0	16.5	0.34	287	3.96	1.29	25.32	5.8	1.46	1	2.93	24.53	25.32	24.05	400.16	379.27	14.710	19.221	48.35	63.17	499.9	1799	1645	101.6	-0.656	0.107	1.0	-0.22	2.74	1.00	0.00	0.16	111115
65	"09:58:48"	3924.5	0	16.5	0.341	287	3.96	1.29	25.32	5.8	1.46	1	2.93	24.54	25.32	24.05	400.17	379.29	14.710	19.222	48.34	63.17	499.9	1799	1644	101.6	-0.656	0.107	1.0	-0.22	2.74	1.00	0.00	0.16	111115
66	"10:03:03"	4180.0	0	22.1	0.308	1.41E+03	4.04	1.44	25.91	5.8	1.46	1	2.93	24.75	25.91	24.03	1599.40	1566.47	14.303	18.902	46.40	61.32	499.9	1799	1670	101.6	-13.5	0.099	0.7	-0.22	2.74	1.00	0.00	0.16	111115
67	"10:03:03"	4180.5	0	22.1	0.308	1.41E+03	4.04	1.44	25.91	5.8	1.46	1	2.93	24.75	25.91	24.03	1599.42	1566.48	14.303	18.902	46.40	61.32	499.9	1799	1670	101.6	-13.5	0.099	0.7	-0.22	2.74	1.00	0.00	0.16	111115
68	"10:03:04"	4181.0	0	22.1	0.308	1.41E+03	4.04	1.44	25.91	5.8	1.46	1	2.93	24.75	25.91	24.03	1599.44	1566.41	14.303	18.903	46.40	61.32	499.9	1799	1670	101.6	-13.5	0.099	0.7	-0.22	2.74	1.00	0.00	0.16	111115
69	"10:03:04"	4181.5	0	22.2	0.308	1.41E+03	4.04	1.43	25.90	5.8	1.46	1	2.93	24.75	25.90	24.03	1599.47	1566.41	14.303	18.903	46.39	61.31	499.9	1799	1670	101.6	-13.5	0.099	0.7	-0.22	2.74	1.00	0.00	0.16	111115
70	"10:03:05"	4182.0	0	22.2	0.309	1.41E+03	4.04	1.43	25.90	5.8	1.46	1	2.93	24.75	25.90	24.03	1599.46	1566.34	14.302	18.902	46.39	61.31	499.9	1799	1669	101.6	-13.5	0.099	1.0	-0.22	2.74	1.00	0.00	0.16	111115
"10:06:09 plot3-7allbypass"
71	"10:08:34"	4510.0	0	24.9	0.27	1.37E+03	3.64	1.46	26.04	5.8	1.46	1	2.93	24.79	26.04	24.03	1599.11	1563.59	14.788	18.934	47.85	61.27	499.9	1800	1698	101.6	-13.4	0.105	1.0	-0.22	2.74	1.00	0.00	0.16	111115
72	"10:08:34"	4510.5	0	24.9	0.27	1.37E+03	3.64	1.46	26.04	5.8	1.46	1	2.93	24.79	26.04	24.03	1599.07	1563.58	14.782	18.928	47.83	61.25	499.9	1800	1697	101.6	-13.4	0.105	1.0	-0.22	2.74	1.00	0.00	0.16	111115
73	"10:08:35"	4511.0	0	24.8	0.27	1.37E+03	3.64	1.46	26.05	5.8	1.46	1	2.93	24.79	26.05	24.03	1598.99	1563.55	14.777	18.923	47.82	61.24	499.9	1800	1697	101.6	-13.4	0.105	0.7	-0.22	2.74	1.00	0.00	0.16	111115
74	"10:08:35"	4511.5	0	24.7	0.27	1.37E+03	3.64	1.46	26.05	5.8	1.46	1	2.93	24.79	26.05	24.03	1598.87	1563.55	14.771	18.918	47.80	61.22	499.9	1800	1697	101.6	-13.4	0.105	0.7	-0.22	2.74	1.00	0.00	0.16	111115
75	"10:08:36"	4512.0	0	24.7	0.269	1.37E+03	3.64	1.46	26.05	5.8	1.46	1	2.93	24.79	26.05	24.03	1598.72	1563.47	14.764	18.913	47.78	61.20	499.9	1800	1697	101.6	-13.4	0.105	0.7	-0.22	2.74	1.00	0.00	0.16	111115
